stcty,reg,div,stname,ctyname,time,popestimate,popest_nonhisp,popest_hisp,whitea_tot,whitea_nonhisp,whitea_hisp,blacka_tot,blacka_nonhisp,blacka_hisp,aiana_tot,aiana_nonhisp,aiana_hisp,asiaa_tot,asiaa_nonhisp,asiaa_hisp,nhpia_tot,nhpia_nonhisp,nhpia_hisp,twoplus_tot,twoplus_nonhisp,twoplus_hisp
26001,2,3,Michigan,Alcona County,1,11719,11638,81,11500,11425,75,22,22,0,74,72,2,21,19,2,1,1,0,101,99,2
26003,2,3,Michigan,Alger County,1,9862,9763,99,8703,8644,59,605,596,9,331,306,25,34,32,2,4,3,1,185,182,3
26005,2,3,Michigan,Allegan County,1,105665,99625,6040,102028,96332,5696,1448,1326,122,596,525,71,636,580,56,38,17,21,919,845,74
26007,2,3,Michigan,Alpena County,1,31314,31133,181,30816,30650,166,78,74,4,124,120,4,103,102,1,1,1,0,192,186,6
26009,2,3,Michigan,Antrim County,1,23110,22826,284,22527,22266,261,46,42,4,248,236,12,38,36,2,22,22,0,229,224,5
26011,2,3,Michigan,Arenac County,1,17269,17031,238,16528,16310,218,321,314,7,165,159,6,50,50,0,2,1,1,203,197,6
26013,2,3,Michigan,Baraga County,1,8746,8665,81,6923,6879,44,453,438,15,1054,1040,14,25,24,1,1,1,0,290,283,7
26015,2,3,Michigan,Barry County,1,56755,55924,831,55663,54887,776,140,137,3,266,241,25,157,155,2,5,5,0,524,499,25
26017,2,3,Michigan,Bay County,1,110157,105849,4308,106238,102254,3984,1442,1360,82,632,523,109,543,535,8,13,7,6,1289,1170,119
26019,2,3,Michigan,Benzie County,1,15998,15765,233,15511,15293,218,45,43,2,255,248,7,25,25,0,1,0,1,161,156,5
26021,2,3,Michigan,Berrien County,1,162453,157565,4888,131548,127138,4410,26210,25939,271,723,655,68,1897,1880,17,85,69,16,1990,1884,106
26023,2,3,Michigan,Branch County,1,45787,44422,1365,43646,42399,1247,1231,1198,33,226,199,27,218,183,35,10,7,3,456,436,20
26025,2,3,Michigan,Calhoun County,1,137985,133634,4351,117896,114020,3876,15199,14979,220,875,790,85,1561,1540,21,38,28,10,2416,2277,139
26027,2,3,Michigan,Cass County,1,51104,49871,1233,46263,45175,1088,3172,3133,39,433,393,40,311,302,9,4,2,2,921,866,55
26029,2,3,Michigan,Charlevoix County,1,26090,25818,272,25254,25012,242,46,43,3,412,390,22,59,59,0,23,19,4,296,295,1
26031,2,3,Michigan,Cheboygan County,1,26448,26246,202,25143,24971,172,69,62,7,681,665,16,52,52,0,5,5,0,498,491,7
26033,2,3,Michigan,Chippewa County,1,38543,37944,599,29448,29055,393,2206,2146,60,5141,5048,93,184,179,5,10,10,0,1554,1506,48
26035,2,3,Michigan,Clare County,1,31252,30912,340,30554,30245,309,105,103,2,227,216,11,80,78,2,4,2,2,282,268,14
26037,2,3,Michigan,Clinton County,1,64753,63065,1688,63091,61486,1605,418,410,8,287,265,22,339,333,6,28,19,9,590,552,38
26039,2,3,Michigan,Crawford County,1,14273,14131,142,13800,13670,130,218,215,3,85,85,0,38,38,0,3,1,2,129,122,7
26041,2,3,Michigan,Delta County,1,38520,38333,187,36979,36820,159,36,35,1,854,845,9,123,120,3,12,12,0,516,501,15
26043,2,3,Michigan,Dickinson County,1,27472,27285,187,26982,26820,162,33,32,1,145,136,9,116,113,3,8,7,1,188,177,11
26045,2,3,Michigan,Eaton County,1,103655,100332,3323,95131,92102,3029,5569,5435,134,466,430,36,1191,1161,30,32,26,6,1266,1178,88
26047,2,3,Michigan,Emmet County,1,31437,31152,285,29758,29524,234,151,144,7,982,957,25,138,136,2,11,10,1,397,381,16
26049,2,3,Michigan,Genesee County,1,436141,425989,10152,332910,324245,8665,89371,88654,717,2473,2183,290,3596,3545,51,93,80,13,7698,7282,416
26051,2,3,Michigan,Gladwin County,1,26023,25774,249,25534,25314,220,39,33,6,146,141,5,69,69,0,16,4,12,219,213,6
26053,2,3,Michigan,Gogebic County,1,17370,17217,153,16451,16316,135,308,301,7,382,374,8,42,41,1,1,1,0,186,184,2
26055,2,3,Michigan,Grand Traverse County,1,77654,76499,1155,75447,74362,1085,326,308,18,725,699,26,407,406,1,22,18,4,727,706,21
26057,2,3,Michigan,Gratiot County,1,42285,40410,1875,39832,38073,1759,1620,1583,37,237,201,36,155,146,9,7,5,2,434,402,32
26059,2,3,Michigan,Hillsdale County,1,46527,45969,558,45639,45124,515,211,201,10,166,158,8,155,152,3,7,5,2,349,329,20
26061,2,3,Michigan,Houghton County,1,36016,35765,251,34511,34306,205,350,342,8,199,187,12,654,650,4,8,7,1,294,273,21
26063,2,3,Michigan,Huron County,1,36079,35488,591,35518,34956,562,71,71,0,108,95,13,130,128,2,3,3,0,249,235,14
26065,2,3,Michigan,Ingham County,1,279320,263130,16190,229885,215780,14105,31248,30064,1184,1618,1366,252,10486,10377,109,148,112,36,5935,5431,504
26067,2,3,Michigan,Ionia County,1,61518,59807,1711,57330,55821,1509,2858,2789,69,350,289,61,211,200,11,7,7,0,762,701,61
26069,2,3,Michigan,Iosco County,1,27339,27070,269,26588,26356,232,111,106,5,187,171,16,129,123,6,14,14,0,310,300,10
26071,2,3,Michigan,Iron County,1,13138,13054,84,12692,12616,76,145,144,1,134,132,2,26,26,0,0,0,0,141,136,5
26073,2,3,Michigan,Isabella County,1,63351,61932,1419,58558,57435,1123,1259,1229,30,1767,1619,148,908,888,20,33,24,9,826,737,89
26075,2,3,Michigan,Jackson County,1,158422,154929,3493,141881,138806,3075,12668,12444,224,659,593,66,870,864,6,63,55,8,2281,2167,114
26077,2,3,Michigan,Kalamazoo County,1,238603,232292,6311,205304,199845,5459,23616,23160,456,1021,911,110,4452,4422,30,93,74,19,4117,3880,237
26079,2,3,Michigan,Kalkaska County,1,16571,16429,142,16201,16073,128,35,34,1,129,122,7,37,37,0,8,8,0,161,155,6
26081,2,3,Michigan,Kent County,1,574335,534152,40183,498211,462627,35584,53341,50541,2800,3192,2562,630,10905,10724,181,431,222,209,8255,7476,779
26083,2,3,Michigan,Keweenaw County,1,2301,2283,18,2190,2179,11,83,79,4,4,3,1,3,2,1,0,0,0,21,20,1
26085,2,3,Michigan,Lake County,1,11333,11142,191,9674,9520,154,1279,1260,19,116,114,2,18,18,0,4,4,0,242,226,16
26087,2,3,Michigan,Lapeer County,1,87904,85173,2731,85742,83134,2608,729,711,18,342,297,45,352,336,16,8,6,2,731,689,42
26089,2,3,Michigan,Leelanau County,1,21119,20425,694,20047,19431,616,54,49,5,786,729,57,55,52,3,5,4,1,172,160,12
26091,2,3,Michigan,Lenawee County,1,98890,92006,6884,94820,88324,6496,2205,2047,158,432,329,103,470,452,18,8,6,2,955,848,107
26093,2,3,Michigan,Livingston County,1,156951,154998,1953,153138,151344,1794,736,721,15,688,644,44,912,909,3,58,50,8,1419,1330,89
26095,2,3,Michigan,Luce County,1,7024,6901,123,5871,5799,72,542,516,26,405,389,16,26,25,1,3,2,1,177,170,7
26097,2,3,Michigan,Mackinac County,1,11943,11836,107,9605,9522,83,24,23,1,1702,1686,16,37,34,3,2,1,1,573,570,3
26099,2,3,Michigan,Macomb County,1,788149,775714,12435,737744,726435,11309,21572,21320,252,2535,2281,254,17240,17113,127,196,162,34,8862,8403,459
26101,2,3,Michigan,Manistee County,1,24527,23888,639,23391,22806,585,414,396,18,320,302,18,81,79,2,9,4,5,312,301,11
26103,2,3,Michigan,Marquette County,1,64634,64190,444,61679,61286,393,868,856,12,980,961,19,320,315,5,14,13,1,773,759,14
26105,2,3,Michigan,Mason County,1,28274,27422,852,27397,26594,803,220,208,12,225,212,13,78,78,0,6,5,1,348,325,23
26107,2,3,Michigan,Mecosta County,1,40553,40033,520,37807,37345,462,1512,1496,16,264,250,14,358,350,8,16,15,1,596,577,19
26109,2,3,Michigan,Menominee County,1,25326,25136,190,24425,24284,141,26,26,0,587,552,35,54,54,0,1,1,0,233,219,14
26111,2,3,Michigan,Midland County,1,82874,81587,1287,79639,78447,1192,904,878,26,340,315,25,1242,1233,9,29,26,3,720,688,32
26113,2,3,Michigan,Missaukee County,1,14478,14309,169,14200,14042,158,30,28,2,73,69,4,35,35,0,0,0,0,140,135,5
26115,2,3,Michigan,Monroe County,1,145945,142835,3110,140474,137612,2862,2833,2725,108,418,359,59,684,678,6,14,12,2,1522,1449,73
26117,2,3,Michigan,Montcalm County,1,61266,59872,1394,58630,57368,1262,1348,1319,29,380,337,43,168,162,6,42,21,21,698,665,33
26119,2,3,Michigan,Montmorency County,1,10315,10248,67,10162,10099,63,25,25,0,39,37,2,10,9,1,0,0,0,79,78,1
26121,2,3,Michigan,Muskegon County,1,170200,164199,6001,140914,135597,5317,24328,24053,275,1454,1252,202,739,721,18,30,17,13,2735,2559,176
26123,2,3,Michigan,Newaygo County,1,47874,46029,1845,46303,44571,1732,567,528,39,327,293,34,144,141,3,14,10,4,519,486,33
26125,2,3,Michigan,Oakland County,1,1194156,1165157,28999,1003787,978069,25718,122061,120406,1655,3413,2915,498,50071,49817,254,333,267,66,14491,13683,808
26127,2,3,Michigan,Oceana County,1,26873,23754,3119,26111,23122,2989,94,78,16,306,242,64,74,66,8,14,8,6,274,238,36
26129,2,3,Michigan,Ogemaw County,1,21645,21393,252,21148,20919,229,29,28,1,130,121,9,85,83,2,7,7,0,246,235,11
26131,2,3,Michigan,Ontonagon County,1,7818,7760,58,7635,7579,56,2,2,0,75,74,1,14,14,0,2,2,0,90,89,1
26133,2,3,Michigan,Osceola County,1,23197,22967,230,22697,22483,214,81,79,2,117,111,6,51,48,3,4,4,0,247,242,5
26135,2,3,Michigan,Oscoda County,1,9418,9329,89,9244,9166,78,8,8,0,68,61,7,7,6,1,1,1,0,90,87,3
26137,2,3,Michigan,Otsego County,1,23301,23126,175,22782,22623,159,42,42,0,149,140,9,79,79,0,9,9,0,240,233,7
26139,2,3,Michigan,Ottawa County,1,238314,221622,16692,227203,211429,15774,2708,2398,310,951,690,261,5180,5087,93,51,33,18,2221,1985,236
26141,2,3,Michigan,Presque Isle County,1,14411,14332,79,14159,14091,68,47,46,1,85,83,2,24,22,2,1,0,1,95,90,5
26143,2,3,Michigan,Roscommon County,1,25469,25265,204,25005,24815,190,82,81,1,163,158,5,49,49,0,11,10,1,159,152,7
26145,2,3,Michigan,Saginaw County,1,210039,195964,14075,165026,152437,12589,39724,38846,878,930,712,218,1741,1686,55,54,16,38,2564,2267,297
26147,2,3,Michigan,St. Clair County,1,164235,160642,3593,157374,154169,3205,3531,3413,118,852,749,103,670,647,23,32,26,6,1776,1638,138
26149,2,3,Michigan,St. Joseph County,1,62422,59934,2488,59425,57094,2331,1639,1580,59,242,209,33,377,367,10,11,5,6,728,679,49
26151,2,3,Michigan,Sanilac County,1,44547,43308,1239,43774,42578,1196,124,120,4,161,153,8,117,113,4,3,3,0,368,341,27
26153,2,3,Michigan,Schoolcraft County,1,8903,8820,83,7935,7872,63,149,144,5,545,533,12,37,37,0,0,0,0,237,234,3
26155,2,3,Michigan,Shiawassee County,1,71687,70392,1295,70285,69082,1203,147,136,11,338,297,41,206,201,5,15,8,7,696,668,28
26157,2,3,Michigan,Tuscola County,1,58266,56924,1342,56546,55284,1262,632,622,10,349,322,27,182,175,7,11,10,1,546,511,35
26159,2,3,Michigan,Van Buren County,1,76263,70629,5634,69980,64635,5345,4090,3980,110,738,659,79,245,231,14,10,4,6,1200,1120,80
26161,2,3,Michigan,Washtenaw County,1,322895,314056,8839,254408,246734,7674,40291,39740,551,1207,1054,153,20645,20534,111,134,114,20,6210,5880,330
26163,2,3,Michigan,Wayne County,1,2061162,1983955,77207,1114952,1047777,67175,873660,867238,6422,8016,6725,1291,36735,36235,500,622,422,200,27177,25558,1619
26165,2,3,Michigan,Wexford County,1,30484,30177,307,29787,29516,271,60,55,5,226,215,11,129,128,1,9,6,3,273,257,16
26001,2,3,Michigan,Alcona County,2,11719,11638,81,11500,11425,75,22,22,0,74,72,2,21,19,2,1,1,0,101,99,2
26003,2,3,Michigan,Alger County,2,9862,9763,99,8703,8644,59,605,596,9,331,306,25,34,32,2,4,3,1,185,182,3
26005,2,3,Michigan,Allegan County,2,105665,99625,6040,102028,96332,5696,1448,1326,122,596,525,71,636,580,56,38,17,21,919,845,74
26007,2,3,Michigan,Alpena County,2,31314,31133,181,30816,30650,166,78,74,4,124,120,4,103,102,1,1,1,0,192,186,6
26009,2,3,Michigan,Antrim County,2,23110,22826,284,22527,22266,261,46,42,4,248,236,12,38,36,2,22,22,0,229,224,5
26011,2,3,Michigan,Arenac County,2,17269,17031,238,16528,16310,218,321,314,7,165,159,6,50,50,0,2,1,1,203,197,6
26013,2,3,Michigan,Baraga County,2,8746,8665,81,6923,6879,44,453,438,15,1054,1040,14,25,24,1,1,1,0,290,283,7
26015,2,3,Michigan,Barry County,2,56755,55924,831,55663,54887,776,140,137,3,266,241,25,157,155,2,5,5,0,524,499,25
26017,2,3,Michigan,Bay County,2,110157,105849,4308,106238,102254,3984,1442,1360,82,632,523,109,543,535,8,13,7,6,1289,1170,119
26019,2,3,Michigan,Benzie County,2,15998,15765,233,15511,15293,218,45,43,2,255,248,7,25,25,0,1,0,1,161,156,5
26021,2,3,Michigan,Berrien County,2,162453,157565,4888,131548,127138,4410,26210,25939,271,723,655,68,1897,1880,17,85,69,16,1990,1884,106
26023,2,3,Michigan,Branch County,2,45787,44422,1365,43646,42399,1247,1231,1198,33,226,199,27,218,183,35,10,7,3,456,436,20
26025,2,3,Michigan,Calhoun County,2,137985,133634,4351,117896,114020,3876,15199,14979,220,875,790,85,1561,1540,21,38,28,10,2416,2277,139
26027,2,3,Michigan,Cass County,2,51104,49871,1233,46263,45175,1088,3172,3133,39,433,393,40,311,302,9,4,2,2,921,866,55
26029,2,3,Michigan,Charlevoix County,2,26090,25818,272,25254,25012,242,46,43,3,412,390,22,59,59,0,23,19,4,296,295,1
26031,2,3,Michigan,Cheboygan County,2,26448,26246,202,25143,24971,172,69,62,7,681,665,16,52,52,0,5,5,0,498,491,7
26033,2,3,Michigan,Chippewa County,2,38543,37944,599,29448,29055,393,2206,2146,60,5141,5048,93,184,179,5,10,10,0,1554,1506,48
26035,2,3,Michigan,Clare County,2,31252,30912,340,30554,30245,309,105,103,2,227,216,11,80,78,2,4,2,2,282,268,14
26037,2,3,Michigan,Clinton County,2,64753,63065,1688,63091,61486,1605,418,410,8,287,265,22,339,333,6,28,19,9,590,552,38
26039,2,3,Michigan,Crawford County,2,14273,14131,142,13800,13670,130,218,215,3,85,85,0,38,38,0,3,1,2,129,122,7
26041,2,3,Michigan,Delta County,2,38520,38333,187,36979,36820,159,36,35,1,854,845,9,123,120,3,12,12,0,516,501,15
26043,2,3,Michigan,Dickinson County,2,27472,27285,187,26982,26820,162,33,32,1,145,136,9,116,113,3,8,7,1,188,177,11
26045,2,3,Michigan,Eaton County,2,103655,100332,3323,95131,92102,3029,5569,5435,134,466,430,36,1191,1161,30,32,26,6,1266,1178,88
26047,2,3,Michigan,Emmet County,2,31437,31152,285,29758,29524,234,151,144,7,982,957,25,138,136,2,11,10,1,397,381,16
26049,2,3,Michigan,Genesee County,2,436148,425996,10152,332917,324252,8665,89371,88654,717,2473,2183,290,3596,3545,51,93,80,13,7698,7282,416
26051,2,3,Michigan,Gladwin County,2,26023,25774,249,25534,25314,220,39,33,6,146,141,5,69,69,0,16,4,12,219,213,6
26053,2,3,Michigan,Gogebic County,2,17370,17217,153,16451,16316,135,308,301,7,382,374,8,42,41,1,1,1,0,186,184,2
26055,2,3,Michigan,Grand Traverse County,2,77654,76499,1155,75447,74362,1085,326,308,18,725,699,26,407,406,1,22,18,4,727,706,21
26057,2,3,Michigan,Gratiot County,2,42285,40410,1875,39832,38073,1759,1620,1583,37,237,201,36,155,146,9,7,5,2,434,402,32
26059,2,3,Michigan,Hillsdale County,2,46527,45969,558,45639,45124,515,211,201,10,166,158,8,155,152,3,7,5,2,349,329,20
26061,2,3,Michigan,Houghton County,2,36016,35765,251,34511,34306,205,350,342,8,199,187,12,654,650,4,8,7,1,294,273,21
26063,2,3,Michigan,Huron County,2,36079,35488,591,35518,34956,562,71,71,0,108,95,13,130,128,2,3,3,0,249,235,14
26065,2,3,Michigan,Ingham County,2,279414,263208,16206,229968,215850,14118,31253,30069,1184,1618,1366,252,10489,10380,109,148,112,36,5938,5431,507
26067,2,3,Michigan,Ionia County,2,61518,59807,1711,57330,55821,1509,2858,2789,69,350,289,61,211,200,11,7,7,0,762,701,61
26069,2,3,Michigan,Iosco County,2,27339,27070,269,26588,26356,232,111,106,5,187,171,16,129,123,6,14,14,0,310,300,10
26071,2,3,Michigan,Iron County,2,13138,13054,84,12692,12616,76,145,144,1,134,132,2,26,26,0,0,0,0,141,136,5
26073,2,3,Michigan,Isabella County,2,63351,61932,1419,58558,57435,1123,1259,1229,30,1767,1619,148,908,888,20,33,24,9,826,737,89
26075,2,3,Michigan,Jackson County,2,158422,154929,3493,141881,138806,3075,12668,12444,224,659,593,66,870,864,6,63,55,8,2281,2167,114
26077,2,3,Michigan,Kalamazoo County,2,238603,232292,6311,205304,199845,5459,23616,23160,456,1021,911,110,4452,4422,30,93,74,19,4117,3880,237
26079,2,3,Michigan,Kalkaska County,2,16571,16429,142,16201,16073,128,35,34,1,129,122,7,37,37,0,8,8,0,161,155,6
26081,2,3,Michigan,Kent County,2,574335,534152,40183,498211,462627,35584,53341,50541,2800,3192,2562,630,10905,10724,181,431,222,209,8255,7476,779
26083,2,3,Michigan,Keweenaw County,2,2301,2283,18,2190,2179,11,83,79,4,4,3,1,3,2,1,0,0,0,21,20,1
26085,2,3,Michigan,Lake County,2,11333,11142,191,9674,9520,154,1279,1260,19,116,114,2,18,18,0,4,4,0,242,226,16
26087,2,3,Michigan,Lapeer County,2,87904,85173,2731,85742,83134,2608,729,711,18,342,297,45,352,336,16,8,6,2,731,689,42
26089,2,3,Michigan,Leelanau County,2,21119,20425,694,20047,19431,616,54,49,5,786,729,57,55,52,3,5,4,1,172,160,12
26091,2,3,Michigan,Lenawee County,2,98947,92063,6884,94873,88377,6496,2206,2048,158,432,329,103,471,453,18,8,6,2,957,850,107
26093,2,3,Michigan,Livingston County,2,156951,154998,1953,153138,151344,1794,736,721,15,688,644,44,912,909,3,58,50,8,1419,1330,89
26095,2,3,Michigan,Luce County,2,7024,6901,123,5871,5799,72,542,516,26,405,389,16,26,25,1,3,2,1,177,170,7
26097,2,3,Michigan,Mackinac County,2,11943,11836,107,9605,9522,83,24,23,1,1702,1686,16,37,34,3,2,1,1,573,570,3
26099,2,3,Michigan,Macomb County,2,788149,775714,12435,737744,726435,11309,21572,21320,252,2535,2281,254,17240,17113,127,196,162,34,8862,8403,459
26101,2,3,Michigan,Manistee County,2,24527,23888,639,23391,22806,585,414,396,18,320,302,18,81,79,2,9,4,5,312,301,11
26103,2,3,Michigan,Marquette County,2,64634,64190,444,61679,61286,393,868,856,12,980,961,19,320,315,5,14,13,1,773,759,14
26105,2,3,Michigan,Mason County,2,28274,27422,852,27397,26594,803,220,208,12,225,212,13,78,78,0,6,5,1,348,325,23
26107,2,3,Michigan,Mecosta County,2,40553,40033,520,37807,37345,462,1512,1496,16,264,250,14,358,350,8,16,15,1,596,577,19
26109,2,3,Michigan,Menominee County,2,25326,25136,190,24425,24284,141,26,26,0,587,552,35,54,54,0,1,1,0,233,219,14
26111,2,3,Michigan,Midland County,2,82874,81587,1287,79639,78447,1192,904,878,26,340,315,25,1242,1233,9,29,26,3,720,688,32
26113,2,3,Michigan,Missaukee County,2,14478,14309,169,14200,14042,158,30,28,2,73,69,4,35,35,0,0,0,0,140,135,5
26115,2,3,Michigan,Monroe County,2,145945,142835,3110,140474,137612,2862,2833,2725,108,418,359,59,684,678,6,14,12,2,1522,1449,73
26117,2,3,Michigan,Montcalm County,2,61266,59872,1394,58630,57368,1262,1348,1319,29,380,337,43,168,162,6,42,21,21,698,665,33
26119,2,3,Michigan,Montmorency County,2,10315,10248,67,10162,10099,63,25,25,0,39,37,2,10,9,1,0,0,0,79,78,1
26121,2,3,Michigan,Muskegon County,2,170200,164199,6001,140914,135597,5317,24328,24053,275,1454,1252,202,739,721,18,30,17,13,2735,2559,176
26123,2,3,Michigan,Newaygo County,2,47874,46029,1845,46303,44571,1732,567,528,39,327,293,34,144,141,3,14,10,4,519,486,33
26125,2,3,Michigan,Oakland County,2,1194156,1165157,28999,1003787,978069,25718,122061,120406,1655,3413,2915,498,50071,49817,254,333,267,66,14491,13683,808
26127,2,3,Michigan,Oceana County,2,26873,23754,3119,26111,23122,2989,94,78,16,306,242,64,74,66,8,14,8,6,274,238,36
26129,2,3,Michigan,Ogemaw County,2,21645,21393,252,21148,20919,229,29,28,1,130,121,9,85,83,2,7,7,0,246,235,11
26131,2,3,Michigan,Ontonagon County,2,7818,7760,58,7635,7579,56,2,2,0,75,74,1,14,14,0,2,2,0,90,89,1
26133,2,3,Michigan,Osceola County,2,23197,22967,230,22697,22483,214,81,79,2,117,111,6,51,48,3,4,4,0,247,242,5
26135,2,3,Michigan,Oscoda County,2,9418,9329,89,9244,9166,78,8,8,0,68,61,7,7,6,1,1,1,0,90,87,3
26137,2,3,Michigan,Otsego County,2,23301,23126,175,22782,22623,159,42,42,0,149,140,9,79,79,0,9,9,0,240,233,7
26139,2,3,Michigan,Ottawa County,2,238314,221622,16692,227203,211429,15774,2708,2398,310,951,690,261,5180,5087,93,51,33,18,2221,1985,236
26141,2,3,Michigan,Presque Isle County,2,14411,14332,79,14159,14091,68,47,46,1,85,83,2,24,22,2,1,0,1,95,90,5
26143,2,3,Michigan,Roscommon County,2,25469,25265,204,25005,24815,190,82,81,1,163,158,5,49,49,0,11,10,1,159,152,7
26145,2,3,Michigan,Saginaw County,2,210042,195967,14075,165029,152440,12589,39724,38846,878,930,712,218,1741,1686,55,54,16,38,2564,2267,297
26147,2,3,Michigan,St. Clair County,2,164235,160642,3593,157374,154169,3205,3531,3413,118,852,749,103,670,647,23,32,26,6,1776,1638,138
26149,2,3,Michigan,St. Joseph County,2,62422,59934,2488,59425,57094,2331,1639,1580,59,242,209,33,377,367,10,11,5,6,728,679,49
26151,2,3,Michigan,Sanilac County,2,44547,43308,1239,43774,42578,1196,124,120,4,161,153,8,117,113,4,3,3,0,368,341,27
26153,2,3,Michigan,Schoolcraft County,2,8903,8820,83,7935,7872,63,149,144,5,545,533,12,37,37,0,0,0,0,237,234,3
26155,2,3,Michigan,Shiawassee County,2,71687,70392,1295,70285,69082,1203,147,136,11,338,297,41,206,201,5,15,8,7,696,668,28
26157,2,3,Michigan,Tuscola County,2,58266,56924,1342,56546,55284,1262,632,622,10,349,322,27,182,175,7,11,10,1,546,511,35
26159,2,3,Michigan,Van Buren County,2,76263,70629,5634,69980,64635,5345,4090,3980,110,738,659,79,245,231,14,10,4,6,1200,1120,80
26161,2,3,Michigan,Washtenaw County,2,322770,313932,8838,254320,246647,7673,40271,39720,551,1207,1054,153,20630,20519,111,133,113,20,6209,5879,330
26163,2,3,Michigan,Wayne County,2,2061162,1983955,77207,1114952,1047777,67175,873660,867238,6422,8016,6725,1291,36735,36235,500,622,422,200,27177,25558,1619
26165,2,3,Michigan,Wexford County,2,30484,30177,307,29787,29516,271,60,55,5,226,215,11,129,128,1,9,6,3,273,257,16
26001,2,3,Michigan,Alcona County,3,11706,11624,82,11526,11450,76,22,22,0,71,68,3,21,19,2,0,0,0,66,65,1
26003,2,3,Michigan,Alger County,3,9840,9739,101,8703,8644,59,607,598,9,326,300,26,37,35,2,3,0,3,164,162,2
26005,2,3,Michigan,Allegan County,3,106109,99983,6126,102461,96708,5753,1464,1343,121,603,526,77,616,571,45,59,10,49,906,825,81
26007,2,3,Michigan,Alpena County,3,31292,31108,184,30827,30659,168,84,80,4,122,118,4,108,106,2,0,0,0,151,145,6
26009,2,3,Michigan,Antrim County,3,23268,22973,295,22699,22436,263,53,49,4,250,238,12,28,28,0,29,16,13,209,206,3
26011,2,3,Michigan,Arenac County,3,17299,17063,236,16609,16388,221,328,321,7,162,156,6,48,48,0,2,0,2,150,150,0
26013,2,3,Michigan,Baraga County,3,8741,8659,82,6954,6910,44,464,446,18,1033,1017,16,27,26,1,0,0,0,263,260,3
26015,2,3,Michigan,Barry County,3,56908,56073,835,55821,55035,786,144,141,3,266,237,29,155,154,1,0,0,0,522,506,16
26017,2,3,Michigan,Bay County,3,110122,105771,4351,106199,102167,4032,1438,1358,80,642,529,113,544,534,10,2,0,2,1297,1183,114
26019,2,3,Michigan,Benzie County,3,16112,15878,234,15643,15422,221,46,44,2,256,247,9,28,27,1,1,0,1,138,138,0
26021,2,3,Michigan,Berrien County,3,162611,157724,4887,131611,127178,4433,26278,25998,280,723,651,72,1911,1883,28,115,97,18,1973,1917,56
26023,2,3,Michigan,Branch County,3,45870,44499,1371,43791,42533,1258,1239,1202,37,235,211,24,206,188,18,17,0,17,382,365,17
26025,2,3,Michigan,Calhoun County,3,138093,133732,4361,118005,114088,3917,15249,15017,232,879,792,87,1576,1548,28,14,11,3,2370,2276,94
26027,2,3,Michigan,Cass County,3,51160,49934,1226,46371,45264,1107,3185,3139,46,430,393,37,317,309,8,0,0,0,857,829,28
26029,2,3,Michigan,Charlevoix County,3,26155,25878,277,25339,25097,242,51,48,3,417,396,21,61,61,0,25,17,8,262,259,3
26031,2,3,Michigan,Cheboygan County,3,26567,26368,199,25330,25155,175,71,65,6,674,658,16,52,52,0,0,0,0,440,438,2
26033,2,3,Michigan,Chippewa County,3,38565,37957,608,29648,29241,407,2235,2171,64,5044,4936,108,187,180,7,5,0,5,1446,1429,17
26035,2,3,Michigan,Clare County,3,31377,31039,338,30711,30395,316,108,106,2,226,214,12,84,82,2,3,0,3,245,242,3
26037,2,3,Michigan,Clinton County,3,64967,63263,1704,63326,61699,1627,423,415,8,287,259,28,335,328,7,27,12,15,569,550,19
26039,2,3,Michigan,Crawford County,3,14345,14206,139,13908,13775,133,222,219,3,88,88,0,40,39,1,2,0,2,85,85,0
26041,2,3,Michigan,Delta County,3,38563,38383,180,37081,36917,164,38,37,1,834,823,11,126,124,2,1,0,1,483,482,1
26043,2,3,Michigan,Dickinson County,3,27480,27294,186,27015,26850,165,35,34,1,146,133,13,118,117,1,3,0,3,163,160,3
26045,2,3,Michigan,Eaton County,3,103907,100572,3335,95384,92314,3070,5595,5457,138,467,427,40,1199,1168,31,16,9,7,1246,1197,49
26047,2,3,Michigan,Emmet County,3,31538,31256,282,29930,29692,238,152,144,8,974,945,29,141,139,2,4,0,4,337,336,1
26049,2,3,Michigan,Genesee County,3,436953,426672,10281,332985,324179,8806,89767,89036,731,2484,2208,276,3616,3568,48,135,117,18,7966,7564,402
26051,2,3,Michigan,Gladwin County,3,26126,25862,264,25641,25419,222,40,34,6,154,149,5,64,63,1,29,5,24,198,192,6
26053,2,3,Michigan,Gogebic County,3,17323,17170,153,16445,16309,136,312,305,7,376,367,9,44,43,1,0,0,0,146,146,0
26055,2,3,Michigan,Grand Traverse County,3,77977,76824,1153,75839,74748,1091,335,317,18,719,690,29,405,404,1,7,2,5,672,663,9
26057,2,3,Michigan,Gratiot County,3,42312,40434,1878,39923,38152,1771,1647,1606,41,242,205,37,157,155,2,7,0,7,336,316,20
26059,2,3,Michigan,Hillsdale County,3,46688,46134,554,45814,45291,523,217,206,11,166,157,9,162,159,3,2,0,2,327,321,6
26061,2,3,Michigan,Houghton County,3,36000,35757,243,34549,34338,211,345,337,8,195,180,15,672,667,5,4,4,0,235,231,4
26063,2,3,Michigan,Huron County,3,36052,35458,594,35523,34955,568,66,66,0,109,95,14,134,133,1,0,0,0,220,209,11
26065,2,3,Michigan,Ingham County,3,279550,263195,16355,229645,215409,14236,31239,30057,1182,1644,1381,263,10566,10461,105,167,147,20,6289,5740,549
26067,2,3,Michigan,Ionia County,3,61667,59950,1717,57541,56008,1533,2897,2822,75,350,292,58,209,199,10,6,0,6,664,629,35
26069,2,3,Michigan,Iosco County,3,27336,27060,276,26648,26412,236,112,106,6,186,169,17,124,123,1,7,1,6,259,249,10
26071,2,3,Michigan,Iron County,3,13112,13029,83,12719,12640,79,148,146,2,128,126,2,26,26,0,0,0,0,91,91,0
26073,2,3,Michigan,Isabella County,3,63368,61939,1429,58608,57453,1155,1267,1232,35,1757,1580,177,919,895,24,30,19,11,787,760,27
26075,2,3,Michigan,Jackson County,3,158730,155216,3514,142192,139069,3123,12693,12465,228,660,596,64,874,868,6,81,68,13,2230,2150,80
26077,2,3,Michigan,Kalamazoo County,3,238877,232524,6353,205318,199778,5540,23642,23180,462,1031,927,104,4501,4454,47,105,96,9,4280,4089,191
26079,2,3,Michigan,Kalkaska County,3,16627,16480,147,16287,16156,131,37,36,1,129,122,7,41,41,0,5,0,5,128,125,3
26081,2,3,Michigan,Kent County,3,576220,535419,40801,498822,462905,35917,53439,50695,2744,3267,2624,643,10918,10678,240,512,332,180,9262,8185,1077
26083,2,3,Michigan,Keweenaw County,3,2309,2290,19,2210,2199,11,87,83,4,2,1,1,2,2,0,0,0,0,8,5,3
26085,2,3,Michigan,Lake County,3,11392,11205,187,9813,9656,157,1300,1280,20,117,114,3,14,14,0,3,0,3,145,141,4
26087,2,3,Michigan,Lapeer County,3,88314,85560,2754,86180,83543,2637,732,714,18,356,312,44,350,337,13,1,0,1,695,654,41
26089,2,3,Michigan,Leelanau County,3,21264,20570,694,20243,19626,617,57,52,5,782,717,65,54,54,0,3,0,3,125,121,4
26091,2,3,Michigan,Lenawee County,3,99109,92149,6960,95079,88523,6556,2209,2042,167,450,349,101,475,456,19,1,0,1,895,779,116
26093,2,3,Michigan,Livingston County,3,158470,156475,1995,154648,152797,1851,749,733,16,697,636,61,928,920,8,72,60,12,1376,1329,47
26095,2,3,Michigan,Luce County,3,7009,6877,132,5884,5806,78,561,531,30,403,385,18,31,29,2,2,0,2,128,126,2
26097,2,3,Michigan,Mackinac County,3,11922,11815,107,9648,9563,85,24,23,1,1671,1654,17,37,36,1,2,0,2,540,539,1
26099,2,3,Michigan,Macomb County,3,790861,778294,12567,739860,728294,11566,21692,21419,273,2564,2297,267,17527,17395,132,180,166,14,9038,8723,315
26101,2,3,Michigan,Manistee County,3,24638,23998,640,23562,22975,587,453,434,19,314,294,20,83,80,3,5,0,5,221,215,6
26103,2,3,Michigan,Marquette County,3,64614,64172,442,61734,61337,397,889,876,13,964,943,21,327,322,5,5,2,3,695,692,3
26105,2,3,Michigan,Mason County,3,28337,27477,860,27501,26688,813,246,233,13,217,199,18,72,72,0,1,0,1,300,285,15
26107,2,3,Michigan,Mecosta County,3,40659,40145,514,37930,37463,467,1537,1521,16,259,245,14,363,357,6,14,10,4,556,549,7
26109,2,3,Michigan,Menominee County,3,25292,25105,187,24421,24277,144,45,45,0,582,541,41,55,55,0,0,0,0,189,187,2
26111,2,3,Michigan,Midland County,3,83025,81744,1281,79804,78600,1204,938,910,28,340,313,27,1262,1251,11,7,7,0,674,663,11
26113,2,3,Michigan,Missaukee County,3,14551,14381,170,14281,14119,162,40,38,2,75,71,4,36,36,0,0,0,0,119,117,2
26115,2,3,Michigan,Monroe County,3,146479,143330,3149,140954,138046,2908,2861,2748,113,425,376,49,686,683,3,0,0,0,1553,1477,76
26117,2,3,Michigan,Montcalm County,3,61443,60013,1430,58825,57548,1277,1390,1359,31,379,339,40,160,155,5,75,26,49,614,586,28
26119,2,3,Michigan,Montmorency County,3,10376,10308,68,10246,10182,64,35,35,0,39,37,2,8,8,0,0,0,0,48,46,2
26121,2,3,Michigan,Muskegon County,3,170520,164482,6038,141089,135713,5376,24418,24145,273,1462,1258,204,719,706,13,24,6,18,2808,2654,154
26123,2,3,Michigan,Newaygo County,3,48022,46176,1846,46481,44737,1744,611,573,38,323,290,33,140,137,3,8,0,8,459,439,20
26125,2,3,Michigan,Oakland County,3,1196615,1167341,29274,1004290,978199,26091,122895,121212,1683,3455,3002,453,50931,50676,255,295,274,21,14749,13978,771
26127,2,3,Michigan,Oceana County,3,26970,23813,3157,26208,23204,3004,115,98,17,310,247,63,75,70,5,24,2,22,238,192,46
26129,2,3,Michigan,Ogemaw County,3,21690,21436,254,21217,20982,235,42,41,1,129,121,8,91,91,0,2,0,2,209,201,8
26131,2,3,Michigan,Ontonagon County,3,7802,7744,58,7636,7579,57,8,8,0,75,74,1,15,15,0,1,1,0,67,67,0
26133,2,3,Michigan,Osceola County,3,23243,23008,235,22758,22542,216,98,96,2,114,108,6,49,47,2,2,0,2,222,215,7
26135,2,3,Michigan,Oscoda County,3,9421,9333,88,9266,9188,78,17,17,0,72,65,7,2,2,0,1,0,1,63,61,2
26137,2,3,Michigan,Otsego County,3,23427,23251,176,22913,22749,164,51,51,0,162,153,9,85,85,0,0,0,0,216,213,3
26139,2,3,Michigan,Ottawa County,3,239473,222551,16922,228086,212139,15947,2717,2413,304,994,739,255,5182,5096,86,49,43,6,2445,2121,324
26141,2,3,Michigan,Presque Isle County,3,14374,14296,78,14145,14075,70,63,62,1,77,75,2,22,22,0,2,0,2,65,62,3
26143,2,3,Michigan,Roscommon County,3,25528,25323,205,25097,24903,194,97,96,1,159,152,7,51,51,0,4,2,2,120,119,1
26145,2,3,Michigan,Saginaw County,3,209948,195770,14178,164814,152130,12684,39728,38849,879,957,740,217,1728,1663,65,78,43,35,2643,2345,298
26147,2,3,Michigan,St. Clair County,3,164704,161061,3643,157793,154526,3267,3551,3421,130,866,748,118,658,642,16,18,4,14,1818,1720,98
26149,2,3,Michigan,St. Joseph County,3,62534,60042,2492,59537,57186,2351,1675,1613,62,251,223,28,382,371,11,2,0,2,687,649,38
26151,2,3,Michigan,Sanilac County,3,44538,43295,1243,43789,42584,1205,139,135,4,156,149,7,117,114,3,1,0,1,336,313,23
26153,2,3,Michigan,Schoolcraft County,3,8914,8832,82,7957,7894,63,158,153,5,536,523,13,42,42,0,0,0,0,221,220,1
26155,2,3,Michigan,Shiawassee County,3,71701,70382,1319,70297,69084,1213,171,160,11,333,292,41,208,204,4,10,0,10,682,642,40
26157,2,3,Michigan,Tuscola County,3,58287,56955,1332,56615,55343,1272,660,650,10,349,321,28,175,172,3,7,0,7,481,469,12
26159,2,3,Michigan,Van Buren County,3,76349,70694,5655,70060,64707,5353,4119,4012,107,745,660,85,225,219,6,6,0,6,1194,1096,98
26161,2,3,Michigan,Washtenaw County,3,324418,315482,8936,255069,247265,7804,40563,39974,589,1227,1069,158,20992,20888,104,133,128,5,6434,6158,276
26163,2,3,Michigan,Wayne County,3,2059196,1981274,77922,1110643,1043285,67358,874736,868352,6384,8091,6883,1208,36891,36398,493,644,485,159,28191,25871,2320
26165,2,3,Michigan,Wexford County,3,30544,30242,302,29852,29575,277,74,70,4,218,207,11,134,133,1,3,0,3,263,257,6
26001,2,3,Michigan,Alcona County,4,11736,11652,84,11541,11462,79,39,39,0,72,69,3,19,19,0,2,0,2,63,63,0
26003,2,3,Michigan,Alger County,4,9840,9736,104,8697,8635,62,610,601,9,326,300,26,38,36,2,3,0,3,166,164,2
26005,2,3,Michigan,Allegan County,4,107919,101665,6254,104035,98160,5875,1603,1480,123,616,541,75,659,611,48,65,14,51,941,859,82
26007,2,3,Michigan,Alpena County,4,31217,31028,189,30727,30553,174,103,99,4,121,115,6,123,121,2,0,0,0,143,140,3
26009,2,3,Michigan,Antrim County,4,23480,23188,292,22859,22603,256,81,77,4,250,238,12,40,40,0,32,17,15,218,213,5
26011,2,3,Michigan,Arenac County,4,17274,17030,244,16596,16367,229,331,324,7,155,149,6,51,51,0,1,0,1,140,139,1
26013,2,3,Michigan,Baraga County,4,8767,8680,87,6912,6868,44,537,520,17,1022,1006,16,34,32,2,2,0,2,260,254,6
26015,2,3,Michigan,Barry County,4,57490,56592,898,56294,55447,847,185,182,3,279,249,30,175,175,0,0,0,0,557,539,18
26017,2,3,Michigan,Bay County,4,109748,105440,4308,105846,101861,3985,1454,1372,82,650,542,108,506,494,12,0,0,0,1292,1171,121
26019,2,3,Michigan,Benzie County,4,16489,16259,230,16001,15785,216,78,77,1,241,229,12,31,31,0,0,0,0,138,137,1
26021,2,3,Michigan,Berrien County,4,162139,157118,5021,131398,126839,4559,25892,25611,281,722,653,69,1980,1953,27,117,95,22,2030,1967,63
26023,2,3,Michigan,Branch County,4,45951,44597,1354,43850,42608,1242,1263,1227,36,225,198,27,217,204,13,17,0,17,379,360,19
26025,2,3,Michigan,Calhoun County,4,138379,133978,4401,118089,114137,3952,15271,15042,229,886,796,90,1668,1641,27,19,14,5,2446,2348,98
26027,2,3,Michigan,Cass County,4,51352,50175,1177,46636,45575,1061,3108,3061,47,418,382,36,324,316,8,0,0,0,866,841,25
26029,2,3,Michigan,Charlevoix County,4,26415,26125,290,25515,25261,254,89,87,2,432,411,21,71,70,1,27,18,9,281,278,3
26031,2,3,Michigan,Cheboygan County,4,26947,26730,217,25693,25502,191,108,102,6,644,627,17,54,54,0,1,0,1,447,445,2
26033,2,3,Michigan,Chippewa County,4,38516,37882,634,29670,29256,414,2214,2151,63,5014,4901,113,186,175,11,7,0,7,1425,1399,26
26035,2,3,Michigan,Clare County,4,31390,31045,345,30715,30390,325,115,112,3,231,219,12,84,82,2,0,0,0,245,242,3
26037,2,3,Michigan,Clinton County,4,65689,64021,1668,63869,62276,1593,538,531,7,282,254,28,362,358,4,25,8,17,613,594,19
26039,2,3,Michigan,Crawford County,4,14502,14341,161,14019,13868,151,243,237,6,87,87,0,66,66,0,3,0,3,84,83,1
26041,2,3,Michigan,Delta County,4,38437,38249,188,36949,36781,168,51,50,1,833,819,14,114,113,1,4,1,3,486,485,1
26043,2,3,Michigan,Dickinson County,4,27278,27086,192,26803,26635,168,37,36,1,146,133,13,126,123,3,4,0,4,162,159,3
26045,2,3,Michigan,Eaton County,4,104671,101183,3488,95784,92566,3218,5824,5675,149,459,417,42,1299,1267,32,18,14,4,1287,1244,43
26047,2,3,Michigan,Emmet County,4,32154,31863,291,30492,30249,243,164,156,8,1000,973,27,141,136,5,6,0,6,351,349,2
26049,2,3,Michigan,Genesee County,4,438809,428443,10366,334763,325874,8889,89420,88694,726,2494,2218,276,3864,3814,50,138,119,19,8130,7724,406
26051,2,3,Michigan,Gladwin County,4,26424,26149,275,25947,25712,235,46,41,5,134,129,5,68,64,4,22,4,18,207,199,8
26053,2,3,Michigan,Gogebic County,4,17732,17536,196,16409,16240,169,728,714,14,382,372,10,51,50,1,1,0,1,161,160,1
26055,2,3,Michigan,Grand Traverse County,4,79882,78717,1165,77298,76196,1102,587,569,18,771,742,29,449,448,1,5,1,4,772,761,11
26057,2,3,Michigan,Gratiot County,4,42367,40550,1817,39874,38169,1705,1703,1662,41,252,215,37,185,180,5,7,0,7,346,324,22
26059,2,3,Michigan,Hillsdale County,4,46726,46128,598,45834,45268,566,221,209,12,173,164,9,169,166,3,2,0,2,327,321,6
26061,2,3,Michigan,Houghton County,4,35789,35543,246,34357,34145,212,354,344,10,194,180,14,648,643,5,3,3,0,233,228,5
26063,2,3,Michigan,Huron County,4,35689,35102,587,35155,34594,561,69,68,1,111,99,12,139,137,2,0,0,0,215,204,11
26065,2,3,Michigan,Ingham County,4,280562,264253,16309,229546,215366,14180,31688,30507,1181,1663,1397,266,10996,10887,109,171,148,23,6498,5948,550
26067,2,3,Michigan,Ionia County,4,62067,60367,1700,57900,56403,1497,2879,2804,75,359,301,58,224,213,11,7,0,7,698,646,52
26069,2,3,Michigan,Iosco County,4,27196,26928,268,26462,26231,231,148,142,6,192,176,16,123,122,1,9,3,6,262,254,8
26071,2,3,Michigan,Iron County,4,12922,12840,82,12540,12462,78,151,149,2,121,119,2,26,26,0,0,0,0,84,84,0
26073,2,3,Michigan,Isabella County,4,63818,62346,1472,58987,57788,1199,1288,1253,35,1754,1572,182,986,960,26,30,22,8,773,751,22
26075,2,3,Michigan,Jackson County,4,159849,156158,3691,143326,140049,3277,12648,12407,241,650,584,66,876,868,8,76,62,14,2273,2188,85
26077,2,3,Michigan,Kalamazoo County,4,239322,232936,6386,205518,199939,5579,23599,23141,458,1015,915,100,4703,4655,48,111,102,9,4376,4184,192
26079,2,3,Michigan,Kalkaska County,4,16836,16698,138,16468,16344,124,62,61,1,134,127,7,41,41,0,4,0,4,127,125,2
26081,2,3,Michigan,Kent County,4,581951,538679,43272,503227,465005,38222,54120,51277,2843,3215,2574,641,11293,11041,252,529,342,187,9567,8440,1127
26083,2,3,Michigan,Keweenaw County,4,2288,2269,19,2208,2196,12,70,67,3,1,0,1,2,2,0,0,0,0,7,4,3
26085,2,3,Michigan,Lake County,4,11628,11428,200,9938,9769,169,1390,1369,21,124,118,6,19,19,0,3,0,3,154,153,1
26087,2,3,Michigan,Lapeer County,4,89479,86566,2913,87284,84485,2799,768,749,19,345,303,42,372,360,12,1,0,1,709,669,40
26089,2,3,Michigan,Leelanau County,4,21508,20810,698,20404,19785,619,87,82,5,827,761,66,54,53,1,3,0,3,133,129,4
26091,2,3,Michigan,Lenawee County,4,99720,92701,7019,95655,89049,6606,2198,2029,169,451,345,106,508,485,23,1,0,1,907,793,114
26093,2,3,Michigan,Livingston County,4,163815,161641,2174,159718,157695,2023,798,778,20,721,659,62,1027,1018,9,82,70,12,1469,1421,48
26095,2,3,Michigan,Luce County,4,7067,6944,123,5927,5854,73,558,530,28,412,395,17,34,32,2,2,0,2,134,133,1
26097,2,3,Michigan,Mackinac County,4,11732,11624,108,9513,9427,86,46,46,0,1606,1587,19,38,36,2,1,0,1,528,528,0
26099,2,3,Michigan,Macomb County,4,799886,786745,13141,743012,730913,12099,25235,24956,279,2574,2301,273,19304,19165,139,205,188,17,9556,9222,334
26101,2,3,Michigan,Manistee County,4,24813,24222,591,23691,23151,540,435,416,19,350,330,20,101,97,4,4,0,4,232,228,4
26103,2,3,Michigan,Marquette County,4,64607,64155,452,61730,61322,408,888,875,13,951,930,21,339,335,4,3,0,3,696,693,3
26105,2,3,Michigan,Mason County,4,28473,27588,885,27653,26814,839,224,211,13,218,201,17,74,74,0,1,0,1,303,288,15
26107,2,3,Michigan,Mecosta County,4,40900,40374,526,38186,37708,478,1515,1497,18,243,229,14,378,372,6,13,10,3,565,558,7
26109,2,3,Michigan,Menominee County,4,25250,25049,201,24363,24203,160,82,82,0,558,518,40,59,59,0,0,0,0,188,187,1
26111,2,3,Michigan,Midland County,4,83772,82465,1307,80425,79201,1224,983,953,30,334,304,30,1329,1319,10,11,11,0,690,677,13
26113,2,3,Michigan,Missaukee County,4,14726,14543,183,14433,14258,175,68,66,2,71,67,4,37,37,0,0,0,0,117,115,2
26115,2,3,Michigan,Monroe County,4,147915,144787,3128,142248,139356,2892,2852,2740,112,417,371,46,807,799,8,0,0,0,1591,1521,70
26117,2,3,Michigan,Montcalm County,4,61979,60382,1597,59318,57889,1429,1392,1359,33,371,327,44,189,181,8,77,32,45,632,594,38
26119,2,3,Michigan,Montmorency County,4,10447,10363,84,10307,10228,79,49,49,0,35,34,1,9,8,1,0,0,0,47,44,3
26121,2,3,Michigan,Muskegon County,4,171366,165166,6200,141958,136442,5516,24330,24051,279,1466,1254,212,732,714,18,24,5,19,2856,2700,156
26123,2,3,Michigan,Newaygo County,4,48741,46835,1906,47120,45319,1801,641,604,37,345,310,35,149,145,4,7,0,7,479,457,22
26125,2,3,Michigan,Oakland County,4,1202560,1172915,29645,1001904,975377,26527,127006,125350,1656,3433,2997,436,54685,54425,260,317,291,26,15215,14475,740
26127,2,3,Michigan,Oceana County,4,27195,23875,3320,26425,23254,3171,118,101,17,314,248,66,80,75,5,22,2,20,236,195,41
26129,2,3,Michigan,Ogemaw County,4,21732,21475,257,21223,20987,236,67,66,1,129,121,8,95,94,1,3,0,3,215,207,8
26131,2,3,Michigan,Ontonagon County,4,7731,7674,57,7537,7482,55,28,28,0,76,74,2,15,15,0,2,2,0,73,73,0
26133,2,3,Michigan,Osceola County,4,23346,23101,245,22817,22591,226,107,105,2,129,124,5,52,50,2,3,0,3,238,231,7
26135,2,3,Michigan,Oscoda County,4,9515,9425,90,9361,9280,81,17,17,0,72,65,7,3,3,0,0,0,0,62,60,2
26137,2,3,Michigan,Otsego County,4,23778,23593,185,23248,23077,171,67,67,0,153,144,9,94,94,0,0,0,0,216,211,5
26139,2,3,Michigan,Ottawa County,4,243514,225983,17531,231702,215132,16570,2810,2514,296,1030,783,247,5373,5292,81,55,49,6,2544,2213,331
26141,2,3,Michigan,Presque Isle County,4,14355,14271,84,14105,14030,75,84,83,1,75,73,2,24,23,1,2,0,2,65,62,3
26143,2,3,Michigan,Roscommon County,4,25749,25540,209,25283,25081,202,124,124,0,151,144,7,63,63,0,3,3,0,125,125,0
26145,2,3,Michigan,Saginaw County,4,209678,195558,14120,163977,151343,12634,40032,39159,873,963,747,216,1875,1809,66,88,50,38,2743,2450,293
26147,2,3,Michigan,St. Clair County,4,166056,162415,3641,159024,155761,3263,3538,3407,131,897,780,117,707,692,15,25,7,18,1865,1768,97
26149,2,3,Michigan,St. Joseph County,4,62501,59835,2666,59459,56960,2499,1656,1592,64,268,234,34,393,379,14,6,0,6,719,670,49
26151,2,3,Michigan,Sanilac County,4,44627,43414,1213,43876,42700,1176,152,148,4,148,139,9,123,118,5,0,0,0,328,309,19
26153,2,3,Michigan,Schoolcraft County,4,8858,8774,84,7924,7858,66,171,165,6,519,507,12,40,40,0,0,0,0,204,204,0
26155,2,3,Michigan,Shiawassee County,4,72067,70744,1323,70665,69438,1227,176,165,11,338,298,40,209,204,5,9,0,9,670,639,31
26157,2,3,Michigan,Tuscola County,4,58347,57003,1344,56682,55403,1279,660,648,12,341,312,29,186,181,5,5,0,5,473,459,14
26159,2,3,Michigan,Van Buren County,4,76818,70824,5994,70629,64970,5659,3966,3851,115,744,657,87,257,248,9,8,0,8,1214,1098,116
26161,2,3,Michigan,Washtenaw County,4,329416,320375,9041,258198,250284,7914,40587,39997,590,1224,1071,153,22633,22529,104,145,139,6,6629,6355,274
26163,2,3,Michigan,Wayne County,4,2050900,1971054,79846,1103544,1034275,69269,870593,864243,6350,8053,6870,1183,39284,38751,533,676,503,173,28750,26412,2338
26165,2,3,Michigan,Wexford County,4,30642,30326,316,29920,29631,289,105,101,4,217,204,13,131,129,2,3,0,3,266,261,5
26001,2,3,Michigan,Alcona County,5,11569,11480,89,11368,11287,81,41,41,0,73,70,3,20,19,1,1,0,1,66,63,3
26003,2,3,Michigan,Alger County,5,9805,9696,109,8670,8607,63,614,605,9,313,285,28,44,41,3,3,0,3,161,158,3
26005,2,3,Michigan,Allegan County,5,109252,102931,6321,105402,99449,5953,1555,1436,119,578,503,75,718,675,43,71,18,53,928,850,78
26007,2,3,Michigan,Alpena County,5,30976,30789,187,30458,30289,169,105,101,4,128,122,6,127,125,2,0,0,0,158,152,6
26009,2,3,Michigan,Antrim County,5,23791,23496,295,23199,22935,264,78,74,4,230,218,12,43,43,0,26,16,10,215,210,5
26011,2,3,Michigan,Arenac County,5,17299,17043,256,16626,16388,238,335,327,8,145,138,7,58,57,1,2,0,2,133,133,0
26013,2,3,Michigan,Baraga County,5,8752,8671,81,6920,6876,44,539,522,17,1009,993,16,31,30,1,1,0,1,252,250,2
26015,2,3,Michigan,Barry County,5,58121,57155,966,56877,55962,915,182,179,3,297,268,29,186,185,1,0,0,0,579,561,18
26017,2,3,Michigan,Bay County,5,109747,105403,4344,105753,101730,4023,1498,1413,85,626,518,108,553,541,12,2,0,2,1315,1201,114
26019,2,3,Michigan,Benzie County,5,16755,16537,218,16259,16054,205,79,78,1,242,231,11,29,29,0,0,0,0,146,145,1
26021,2,3,Michigan,Berrien County,5,162572,157262,5310,131658,126831,4827,25859,25569,290,723,653,70,2104,2074,30,132,107,25,2096,2028,68
26023,2,3,Michigan,Branch County,5,46513,45044,1469,44168,42827,1341,1467,1431,36,212,186,26,249,230,19,22,0,22,395,370,25
26025,2,3,Michigan,Calhoun County,5,138769,134321,4448,118467,114456,4011,15213,14983,230,887,799,88,1685,1657,28,21,19,2,2496,2407,89
26027,2,3,Michigan,Cass County,5,51412,50207,1205,46731,45639,1092,3088,3041,47,412,378,34,299,291,8,0,0,0,882,858,24
26029,2,3,Michigan,Charlevoix County,5,26494,26190,304,25566,25302,264,87,85,2,447,426,21,73,72,1,25,15,10,296,290,6
26031,2,3,Michigan,Cheboygan County,5,27279,27055,224,25981,25783,198,127,121,6,652,635,17,56,56,0,1,0,1,462,460,2
26033,2,3,Michigan,Chippewa County,5,38748,38106,642,29819,29402,417,2250,2186,64,5037,4923,114,190,179,11,7,0,7,1445,1416,29
26035,2,3,Michigan,Clare County,5,31691,31338,353,31013,30683,330,123,118,5,232,221,11,76,74,2,1,0,1,246,242,4
26037,2,3,Michigan,Clinton County,5,66670,64984,1686,64787,63171,1616,583,576,7,279,253,26,374,368,6,23,11,12,624,605,19
26039,2,3,Michigan,Crawford County,5,14655,14491,164,14192,14038,154,245,237,8,82,82,0,55,54,1,1,0,1,80,80,0
26041,2,3,Michigan,Delta County,5,38415,38221,194,36888,36715,173,54,53,1,855,841,14,125,123,2,2,1,1,491,488,3
26043,2,3,Michigan,Dickinson County,5,27247,27056,191,26767,26598,169,37,36,1,145,131,14,137,136,1,4,0,4,157,155,2
26045,2,3,Michigan,Eaton County,5,105494,101900,3594,96000,92688,3312,6232,6083,149,486,443,43,1403,1371,32,20,12,8,1353,1303,50
26047,2,3,Michigan,Emmet County,5,32458,32162,296,30814,30564,250,112,106,6,988,962,26,185,180,5,6,0,6,353,350,3
26049,2,3,Michigan,Genesee County,5,440631,430199,10432,336357,327404,8953,89439,88696,743,2477,2202,275,3951,3900,51,136,122,14,8271,7875,396
26051,2,3,Michigan,Gladwin County,5,26713,26408,305,26196,25939,257,51,45,6,140,134,6,82,80,2,32,5,27,212,205,7
26053,2,3,Michigan,Gogebic County,5,17478,17275,203,16159,15984,175,724,709,15,377,367,10,57,56,1,1,0,1,160,159,1
26055,2,3,Michigan,Grand Traverse County,5,81040,79769,1271,78527,77323,1204,575,557,18,751,721,30,432,430,2,7,1,6,748,737,11
26057,2,3,Michigan,Gratiot County,5,42321,40528,1793,39808,38118,1690,1715,1675,40,244,205,39,196,192,4,5,0,5,353,338,15
26059,2,3,Michigan,Hillsdale County,5,46953,46329,624,46042,45449,593,227,216,11,169,160,9,176,173,3,3,0,3,336,331,5
26061,2,3,Michigan,Houghton County,5,36075,35823,252,34672,34451,221,371,362,9,193,180,13,608,603,5,1,1,0,230,226,4
26063,2,3,Michigan,Huron County,5,35378,34759,619,34822,34234,588,67,66,1,109,96,13,153,149,4,0,0,0,227,214,13
26065,2,3,Michigan,Ingham County,5,281504,264881,16623,229588,215141,14447,31739,30532,1207,1647,1384,263,11648,11539,109,177,154,23,6705,6131,574
26067,2,3,Michigan,Ionia County,5,63139,61409,1730,58575,57063,1512,3221,3136,85,366,309,57,236,224,12,8,0,8,733,677,56
26069,2,3,Michigan,Iosco County,5,26967,26720,247,26229,26019,210,157,151,6,194,179,15,116,114,2,9,3,6,262,254,8
26071,2,3,Michigan,Iron County,5,12790,12706,84,12411,12333,78,150,147,3,119,116,3,28,28,0,0,0,0,82,82,0
26073,2,3,Michigan,Isabella County,5,64166,62675,1491,59149,57934,1215,1289,1256,33,1789,1607,182,1084,1059,25,32,23,9,823,796,27
26075,2,3,Michigan,Jackson County,5,161127,157336,3791,144573,141195,3378,12663,12421,242,634,566,68,882,873,9,76,63,13,2299,2218,81
26077,2,3,Michigan,Kalamazoo County,5,240685,234163,6522,206194,200487,5707,23832,23373,459,985,884,101,5045,4994,51,120,108,12,4509,4317,192
26079,2,3,Michigan,Kalkaska County,5,17016,16860,156,16629,16486,143,69,68,1,138,131,7,38,38,0,4,0,4,138,137,1
26081,2,3,Michigan,Kent County,5,586605,540981,45624,506076,465670,40406,55147,52199,2948,3199,2557,642,11718,11454,264,547,354,193,9918,8747,1171
26083,2,3,Michigan,Keweenaw County,5,2238,2223,15,2181,2171,10,49,46,3,2,1,1,2,2,0,0,0,0,4,3,1
26085,2,3,Michigan,Lake County,5,11561,11361,200,9877,9710,167,1376,1352,24,123,118,5,20,20,0,3,0,3,162,161,1
26087,2,3,Michigan,Lapeer County,5,90621,87617,3004,88286,85397,2889,875,854,21,353,310,43,399,386,13,1,0,1,707,670,37
26089,2,3,Michigan,Leelanau County,5,21579,20861,718,20505,19868,637,83,78,5,806,740,66,51,51,0,3,0,3,131,124,7
26091,2,3,Michigan,Lenawee County,5,100404,93287,7117,96310,89601,6709,2212,2043,169,438,337,101,519,500,19,1,0,1,924,806,118
26093,2,3,Michigan,Livingston County,5,168914,166600,2314,164441,162290,2151,960,935,25,716,653,63,1171,1160,11,105,90,15,1521,1472,49
26095,2,3,Michigan,Luce County,5,7019,6895,124,5911,5838,73,560,532,28,385,367,18,33,31,2,2,0,2,128,127,1
26097,2,3,Michigan,Mackinac County,5,11563,11455,108,9382,9300,82,98,98,0,1538,1519,19,39,36,3,3,0,3,503,502,1
26099,2,3,Michigan,Macomb County,5,806909,793066,13843,744271,731507,12764,29000,28701,299,2549,2270,279,20785,20648,137,211,195,16,10093,9745,348
26101,2,3,Michigan,Manistee County,5,25083,24484,599,23891,23348,543,462,443,19,383,363,20,90,88,2,6,0,6,251,242,9
26103,2,3,Michigan,Marquette County,5,64665,64181,484,61748,61306,442,958,945,13,926,905,21,350,345,5,3,2,1,680,678,2
26105,2,3,Michigan,Mason County,5,28709,27773,936,27873,26987,886,239,223,16,224,208,16,70,70,0,1,0,1,302,285,17
26107,2,3,Michigan,Mecosta County,5,41509,40975,534,38695,38214,481,1577,1559,18,246,231,15,392,384,8,15,11,4,584,576,8
26109,2,3,Michigan,Menominee County,5,25139,24934,205,24265,24102,163,78,78,0,542,501,41,62,62,0,0,0,0,192,191,1
26111,2,3,Michigan,Midland County,5,83990,82703,1287,80537,79332,1205,1011,979,32,325,296,29,1419,1410,9,8,8,0,690,678,12
26113,2,3,Michigan,Missaukee County,5,14979,14799,180,14683,14511,172,72,70,2,69,65,4,41,41,0,0,0,0,114,112,2
26115,2,3,Michigan,Monroe County,5,149162,145935,3227,143380,140398,2982,2876,2760,116,419,372,47,854,844,10,0,0,0,1633,1561,72
26117,2,3,Michigan,Montcalm County,5,62505,60844,1661,59793,58309,1484,1396,1359,37,385,337,48,202,192,10,83,36,47,646,611,35
26119,2,3,Michigan,Montmorency County,5,10468,10386,82,10325,10247,78,47,47,0,39,38,1,9,8,1,0,0,0,48,46,2
26121,2,3,Michigan,Muskegon County,5,172173,165903,6270,142642,137040,5602,24419,24145,274,1436,1228,208,752,733,19,17,5,12,2907,2752,155
26123,2,3,Michigan,Newaygo County,5,48922,46883,2039,47278,45352,1926,624,587,37,353,315,38,168,165,3,12,1,11,487,463,24
26125,2,3,Michigan,Oakland County,5,1203379,1172857,30522,995805,968430,27375,129990,128330,1660,3406,2978,428,58185,57911,274,323,300,23,15670,14908,762
26127,2,3,Michigan,Oceana County,5,27733,24149,3584,26931,23515,3416,120,103,17,322,250,72,83,79,4,22,1,21,255,201,54
26129,2,3,Michigan,Ogemaw County,5,21747,21500,247,21217,20994,223,67,66,1,128,120,8,122,118,4,3,0,3,210,202,8
26131,2,3,Michigan,Ontonagon County,5,7683,7627,56,7492,7437,55,31,31,0,75,74,1,15,15,0,1,1,0,69,69,0
26133,2,3,Michigan,Osceola County,5,23533,23274,259,23012,22770,242,97,95,2,126,120,6,53,52,1,3,0,3,242,237,5
26135,2,3,Michigan,Oscoda County,5,9435,9337,98,9287,9200,87,21,21,0,64,57,7,1,1,0,1,0,1,61,58,3
26137,2,3,Michigan,Otsego County,5,24085,23899,186,23551,23379,172,71,71,0,143,133,10,99,99,0,1,1,0,220,216,4
26139,2,3,Michigan,Ottawa County,5,246294,228337,17957,234088,217086,17002,2924,2644,280,1021,771,250,5582,5494,88,59,53,6,2620,2289,331
26141,2,3,Michigan,Presque Isle County,5,14315,14226,89,14066,13986,80,83,82,1,76,74,2,24,23,1,2,0,2,64,61,3
26143,2,3,Michigan,Roscommon County,5,25814,25604,210,25352,25149,203,113,113,0,153,147,6,69,69,0,4,4,0,123,122,1
26145,2,3,Michigan,Saginaw County,5,209727,195443,14284,163632,150856,12776,40383,39505,878,932,717,215,1902,1824,78,83,50,33,2795,2491,304
26147,2,3,Michigan,St. Clair County,5,167258,163489,3769,160159,156782,3377,3500,3366,134,900,780,120,778,761,17,31,10,21,1890,1790,100
26149,2,3,Michigan,St. Joseph County,5,62453,59630,2823,59369,56714,2655,1715,1648,67,266,226,40,381,368,13,1,0,1,721,674,47
26151,2,3,Michigan,Sanilac County,5,44691,43474,1217,43916,42742,1174,160,156,4,153,144,9,131,124,7,2,0,2,329,308,21
26153,2,3,Michigan,Schoolcraft County,5,8774,8688,86,7834,7768,66,172,166,6,523,511,12,41,40,1,0,0,0,204,203,1
26155,2,3,Michigan,Shiawassee County,5,72139,70757,1382,70760,69480,1280,183,172,11,329,286,43,195,190,5,9,1,8,663,628,35
26157,2,3,Michigan,Tuscola County,5,58225,56876,1349,56564,55285,1279,662,651,11,337,308,29,182,177,5,6,0,6,474,455,19
26159,2,3,Michigan,Van Buren County,5,77403,71190,6213,71163,65293,5870,3920,3802,118,778,689,89,269,260,9,8,0,8,1265,1146,119
26161,2,3,Michigan,Washtenaw County,5,334480,325194,9286,260634,252508,8126,41259,40664,595,1221,1063,158,24276,24163,113,151,144,7,6939,6652,287
26163,2,3,Michigan,Wayne County,5,2040078,1957519,82559,1094976,1023122,71854,865940,859563,6377,7863,6672,1191,41330,40751,579,707,527,180,29262,26884,2378
26165,2,3,Michigan,Wexford County,5,30791,30471,320,30029,29737,292,107,103,4,226,213,13,141,139,2,2,0,2,286,279,7
26001,2,3,Michigan,Alcona County,6,11572,11475,97,11374,11284,90,43,43,0,70,68,2,19,19,0,3,0,3,63,61,2
26003,2,3,Michigan,Alger County,6,9767,9652,115,8643,8577,66,610,601,9,308,277,31,43,40,3,2,0,2,161,157,4
26005,2,3,Michigan,Allegan County,6,110331,103779,6552,106405,100240,6165,1524,1404,120,586,514,72,783,731,52,87,29,58,946,861,85
26007,2,3,Michigan,Alpena County,6,30781,30585,196,30250,30076,174,112,108,4,131,123,8,124,122,2,0,0,0,164,156,8
26009,2,3,Michigan,Antrim County,6,24094,23755,339,23480,23176,304,79,75,4,237,225,12,43,43,0,32,17,15,223,219,4
26011,2,3,Michigan,Arenac County,6,17309,17042,267,16649,16400,249,335,327,8,147,140,7,48,47,1,1,0,1,129,128,1
26013,2,3,Michigan,Baraga County,6,8782,8701,81,6942,6898,44,538,521,17,1016,1001,15,32,31,1,2,0,2,252,250,2
26015,2,3,Michigan,Barry County,6,58774,57785,989,57493,56552,941,184,181,3,305,276,29,203,203,0,1,0,1,588,573,15
26017,2,3,Michigan,Bay County,6,109452,105063,4389,105462,101392,4070,1495,1408,87,613,507,106,566,553,13,2,0,2,1314,1203,111
26019,2,3,Michigan,Benzie County,6,17078,16840,238,16555,16331,224,84,83,1,260,248,12,28,28,0,0,0,0,151,150,1
26021,2,3,Michigan,Berrien County,6,162766,157280,5486,131741,126735,5006,25803,25508,295,703,634,69,2231,2202,29,136,111,25,2152,2090,62
26023,2,3,Michigan,Branch County,6,46414,44857,1557,44139,42712,1427,1404,1367,37,203,178,25,264,240,24,23,0,23,381,360,21
26025,2,3,Michigan,Calhoun County,6,138854,134242,4612,118407,114248,4159,15228,14996,232,882,788,94,1758,1729,29,19,18,1,2560,2463,97
26027,2,3,Michigan,Cass County,6,51385,50134,1251,46680,45548,1132,3103,3056,47,416,381,35,293,281,12,0,0,0,893,868,25
26029,2,3,Michigan,Charlevoix County,6,26712,26392,320,25772,25489,283,91,89,2,443,422,21,78,78,0,30,19,11,298,295,3
26031,2,3,Michigan,Cheboygan County,6,27405,27167,238,26116,25905,211,126,120,6,646,628,18,58,58,0,0,0,0,459,456,3
26033,2,3,Michigan,Chippewa County,6,38822,38143,679,29890,29435,455,2214,2151,63,5061,4945,116,195,185,10,9,0,9,1453,1427,26
26035,2,3,Michigan,Clare County,6,31589,31234,355,30933,30599,334,119,115,4,224,213,11,71,70,1,2,0,2,240,237,3
26037,2,3,Michigan,Clinton County,6,67609,65869,1740,65508,63850,1658,743,733,10,266,237,29,411,402,9,27,12,15,654,635,19
26039,2,3,Michigan,Crawford County,6,14808,14642,166,14288,14133,155,265,257,8,88,88,0,76,75,1,2,0,2,89,89,0
26041,2,3,Michigan,Delta County,6,38317,38111,206,36791,36604,187,59,58,1,834,823,11,141,139,2,3,0,3,489,487,2
26043,2,3,Michigan,Dickinson County,6,27186,26999,187,26692,26525,167,37,36,1,139,127,12,151,149,2,3,0,3,164,162,2
26045,2,3,Michigan,Eaton County,6,106197,102479,3718,96472,93039,3433,6305,6151,154,499,453,46,1506,1472,34,26,19,7,1389,1345,44
26047,2,3,Michigan,Emmet County,6,32741,32433,308,31095,30839,256,127,120,7,973,947,26,188,182,6,7,0,7,351,345,6
26049,2,3,Michigan,Genesee County,6,442250,431776,10474,337601,328620,8981,89747,89004,743,2426,2156,270,3936,3882,54,144,120,24,8396,7994,402
26051,2,3,Michigan,Gladwin County,6,26939,26639,300,26407,26147,260,55,49,6,149,144,5,84,81,3,24,4,20,220,214,6
26053,2,3,Michigan,Gogebic County,6,17329,17120,209,16033,15851,182,719,705,14,364,354,10,54,53,1,1,0,1,158,157,1
26055,2,3,Michigan,Grand Traverse County,6,82011,80654,1357,79483,78196,1287,584,566,18,743,713,30,435,432,3,7,0,7,759,747,12
26057,2,3,Michigan,Gratiot County,6,42501,40679,1822,39968,38248,1720,1728,1688,40,245,206,39,202,196,6,4,0,4,354,341,13
26059,2,3,Michigan,Hillsdale County,6,47230,46612,618,46304,45713,591,233,223,10,178,169,9,173,170,3,2,0,2,340,337,3
26061,2,3,Michigan,Houghton County,6,36249,35980,269,34865,34632,233,370,359,11,197,183,14,581,576,5,1,1,0,235,229,6
26063,2,3,Michigan,Huron County,6,35216,34635,581,34681,34127,554,70,69,1,101,88,13,149,147,2,0,0,0,215,204,11
26065,2,3,Michigan,Ingham County,6,282030,265214,16816,229125,214493,14632,32163,30937,1226,1594,1331,263,12122,12014,108,182,157,25,6844,6282,562
26067,2,3,Michigan,Ionia County,6,63573,61855,1718,59009,57502,1507,3217,3136,81,374,315,59,228,216,12,8,0,8,737,686,51
26069,2,3,Michigan,Iosco County,6,26888,26654,234,26189,25991,198,149,143,6,183,168,15,110,109,1,7,1,6,250,242,8
26071,2,3,Michigan,Iron County,6,12787,12703,84,12423,12345,78,149,146,3,109,106,3,28,28,0,0,0,0,78,78,0
26073,2,3,Michigan,Isabella County,6,64663,63159,1504,59585,58358,1227,1275,1242,33,1789,1604,185,1147,1123,24,34,24,10,833,808,25
26075,2,3,Michigan,Jackson County,6,162321,158441,3880,145355,141903,3452,12873,12632,241,634,564,70,981,971,10,82,68,14,2396,2303,93
26077,2,3,Michigan,Kalamazoo County,6,242110,235392,6718,206975,201095,5880,24111,23636,475,970,873,97,5276,5224,52,122,110,12,4656,4454,202
26079,2,3,Michigan,Kalkaska County,6,17177,17010,167,16799,16644,155,63,62,1,138,131,7,38,38,0,4,0,4,135,135,0
26081,2,3,Michigan,Kent County,6,590417,542541,47876,508006,465543,42463,56149,53093,3056,3159,2516,643,12258,11977,281,574,369,205,10271,9043,1228
26083,2,3,Michigan,Keweenaw County,6,2227,2214,13,2172,2163,9,47,45,2,1,0,1,2,2,0,0,0,0,5,4,1
26085,2,3,Michigan,Lake County,6,11795,11581,214,10128,9948,180,1373,1349,24,114,109,5,19,19,0,3,0,3,158,156,2
26087,2,3,Michigan,Lapeer County,6,91314,88227,3087,88949,85978,2971,867,846,21,349,305,44,426,411,15,0,0,0,723,687,36
26089,2,3,Michigan,Leelanau County,6,21860,21156,704,20749,20129,620,84,79,5,836,766,70,49,49,0,3,0,3,139,133,6
26091,2,3,Michigan,Lenawee County,6,100786,93555,7231,96722,89898,6824,2145,1972,173,427,326,101,552,535,17,1,0,1,939,824,115
26093,2,3,Michigan,Livingston County,6,172881,170446,2435,168192,165940,2252,1013,977,36,737,668,69,1269,1259,10,107,92,15,1563,1510,53
26095,2,3,Michigan,Luce County,6,6919,6794,125,5845,5771,74,557,529,28,362,344,18,32,30,2,2,0,2,121,120,1
26097,2,3,Michigan,Mackinac County,6,11470,11364,106,9384,9302,82,41,41,0,1519,1500,19,35,32,3,1,0,1,490,489,1
26099,2,3,Michigan,Macomb County,6,813948,799491,14457,744721,731378,13343,33296,32984,312,2562,2287,275,22423,22281,142,228,208,20,10718,10353,365
26101,2,3,Michigan,Manistee County,6,25317,24715,602,24098,23546,552,471,452,19,396,376,20,92,89,3,3,0,3,257,252,5
26103,2,3,Michigan,Marquette County,6,64616,64112,504,61639,61179,460,961,948,13,962,940,22,360,356,4,3,1,2,691,688,3
26105,2,3,Michigan,Mason County,6,28685,27721,964,27847,26944,903,242,221,21,216,199,17,72,72,0,1,0,1,307,285,22
26107,2,3,Michigan,Mecosta County,6,41728,41216,512,38928,38464,464,1544,1527,17,255,240,15,392,385,7,10,7,3,599,593,6
26109,2,3,Michigan,Menominee County,6,25084,24897,187,24234,24088,146,66,66,0,537,497,40,66,66,0,0,0,0,181,180,1
26111,2,3,Michigan,Midland County,6,84492,83154,1338,80976,79728,1248,1037,1003,34,314,283,31,1464,1453,11,8,8,0,693,679,14
26113,2,3,Michigan,Missaukee County,6,15189,15006,183,14871,14696,175,72,70,2,73,69,4,54,54,0,0,0,0,119,117,2
26115,2,3,Michigan,Monroe County,6,150673,147305,3368,144642,141519,3123,3006,2890,116,409,361,48,950,938,12,1,0,1,1665,1597,68
26117,2,3,Michigan,Montcalm County,6,62926,61192,1734,60207,58656,1551,1398,1357,41,385,338,47,201,191,10,82,33,49,653,617,36
26119,2,3,Michigan,Montmorency County,6,10492,10404,88,10342,10259,83,47,47,0,42,40,2,8,8,0,0,0,0,53,50,3
26121,2,3,Michigan,Muskegon County,6,173090,166539,6551,143370,137496,5874,24501,24223,278,1427,1214,213,797,775,22,22,10,12,2973,2821,152
26123,2,3,Michigan,Newaygo County,6,49271,47098,2173,47648,45594,2054,635,597,38,346,303,43,147,144,3,6,1,5,489,459,30
26125,2,3,Michigan,Oakland County,6,1207869,1176409,31460,992896,964616,28280,133772,132099,1673,3351,2917,434,61425,61148,277,350,323,27,16075,15306,769
26127,2,3,Michigan,Oceana County,6,28074,24341,3733,27241,23668,3573,157,140,17,311,244,67,81,77,4,27,3,24,257,209,48
26129,2,3,Michigan,Ogemaw County,6,21792,21522,270,21263,21018,245,73,72,1,129,120,9,112,109,3,4,0,4,211,203,8
26131,2,3,Michigan,Ontonagon County,6,7571,7515,56,7391,7336,55,29,29,0,72,71,1,14,14,0,1,1,0,64,64,0
26133,2,3,Michigan,Osceola County,6,23509,23255,254,22986,22749,237,100,98,2,125,119,6,53,52,1,3,1,2,242,236,6
26135,2,3,Michigan,Oscoda County,6,9461,9357,104,9301,9207,94,23,23,0,71,64,7,4,4,0,1,0,1,61,59,2
26137,2,3,Michigan,Otsego County,6,24268,24062,206,23722,23532,190,71,71,0,150,139,11,98,98,0,1,1,0,226,221,5
26139,2,3,Michigan,Ottawa County,6,249391,230855,18536,236632,219059,17573,2991,2710,281,1058,802,256,5937,5847,90,67,62,5,2706,2375,331
26141,2,3,Michigan,Presque Isle County,6,14286,14194,92,14033,13952,81,84,83,1,80,77,3,25,23,2,2,0,2,62,59,3
26143,2,3,Michigan,Roscommon County,6,26230,25995,235,25749,25523,226,115,115,0,159,152,7,73,73,0,7,6,1,127,126,1
26145,2,3,Michigan,Saginaw County,6,209327,194985,14342,162887,150035,12852,40610,39735,875,926,714,212,1948,1880,68,87,51,36,2869,2570,299
26147,2,3,Michigan,St. Clair County,6,169063,165183,3880,161887,158402,3485,3553,3416,137,895,776,119,758,742,16,31,8,23,1939,1839,100
26149,2,3,Michigan,St. Joseph County,6,62864,59767,3097,59739,56829,2910,1713,1642,71,265,221,44,398,386,12,2,0,2,747,689,58
26151,2,3,Michigan,Sanilac County,6,44583,43366,1217,43802,42627,1175,168,163,5,149,140,9,124,118,6,3,0,3,337,318,19
26153,2,3,Michigan,Schoolcraft County,6,8772,8687,85,7842,7777,65,175,169,6,510,498,12,41,40,1,0,0,0,204,203,1
26155,2,3,Michigan,Shiawassee County,6,72543,71087,1456,71063,69714,1349,191,180,11,357,313,44,219,214,5,9,0,9,704,666,38
26157,2,3,Michigan,Tuscola County,6,58382,57025,1357,56726,55438,1288,669,658,11,337,309,28,164,161,3,7,0,7,479,459,20
26159,2,3,Michigan,Van Buren County,6,78210,71790,6420,71934,65869,6065,3915,3797,118,765,675,90,291,283,8,11,0,11,1294,1166,128
26161,2,3,Michigan,Washtenaw County,6,338562,329091,9471,262687,254370,8317,41676,41077,599,1249,1103,146,25582,25468,114,155,148,7,7213,6925,288
26163,2,3,Michigan,Wayne County,6,2028778,1943329,85449,1088265,1013699,74566,859248,852812,6436,7736,6548,1188,42968,42359,609,733,549,184,29828,27362,2466
26165,2,3,Michigan,Wexford County,6,31251,30921,330,30460,30157,303,127,123,4,220,207,13,152,150,2,3,0,3,289,284,5
