stcty,reg,div,stname,ctyname,time,popestimate,popest_nonhisp,popest_hisp,whiteac_tot,whiteac_nonhisp,whiteac_hisp,blackac_tot,blackac_nonhisp,blackac_hisp,aianac_tot,aianac_nonhisp,aianac_hisp,asiaac_tot,asiaac_nonhisp,asiaac_hisp,nhpiac_tot,nhpiac_nonhisp,nhpiac_hisp
19001,2,4,Iowa,Adair County,1,8243,8185,58,8211,8154,57,11,11,0,26,26,0,25,24,1,0,0,0
19003,2,4,Iowa,Adams County,1,4482,4456,26,4451,4426,25,5,3,2,24,24,0,10,10,0,0,0,0
19005,2,4,Iowa,Allamakee County,1,14675,14155,520,14576,14068,508,37,34,3,62,46,16,74,74,0,9,9,0
19007,2,4,Iowa,Appanoose County,1,13721,13586,135,13598,13470,128,75,71,4,87,78,9,45,44,1,4,4,0
19009,2,4,Iowa,Audubon County,1,6830,6797,33,6801,6769,32,18,17,1,20,20,0,16,16,0,0,0,0
19011,2,4,Iowa,Benton County,1,25308,25152,156,25169,25016,153,94,89,5,99,98,1,61,60,1,8,8,0
19013,2,4,Iowa,Black Hawk County,1,128012,125653,2359,116023,113824,2199,11058,10928,130,626,575,51,1568,1542,26,133,122,11
19015,2,4,Iowa,Boone County,1,26224,26006,218,26000,25818,182,132,103,29,104,91,13,73,71,2,8,8,0
19017,2,4,Iowa,Bremer County,1,23325,23195,130,23066,22948,118,154,149,5,49,46,3,158,152,6,9,8,1
19019,2,4,Iowa,Buchanan County,1,21093,20962,131,20896,20769,127,80,77,3,101,98,3,107,107,0,2,2,0
19021,2,4,Iowa,Buena Vista County,1,20411,17851,2560,19342,16861,2481,144,108,36,75,51,24,964,936,28,20,13,7
19023,2,4,Iowa,Butler County,1,15305,15216,89,15247,15160,87,29,29,0,51,49,2,44,44,0,9,9,0
19025,2,4,Iowa,Calhoun County,1,11115,11015,100,10986,10889,97,95,94,1,49,45,4,31,29,2,4,1,3
19027,2,4,Iowa,Carroll County,1,21421,21306,115,21285,21178,107,58,55,3,41,36,5,90,89,1,2,2,0
19029,2,4,Iowa,Cass County,1,14684,14583,101,14607,14506,101,55,55,0,45,44,1,21,21,0,6,6,0
19031,2,4,Iowa,Cedar County,1,18187,18016,171,18056,17896,160,56,56,0,67,58,9,78,74,4,16,10,6
19033,2,4,Iowa,Cerro Gordo County,1,46447,45156,1291,45635,44392,1243,542,519,23,193,163,30,410,401,9,33,29,4
19035,2,4,Iowa,Cherokee County,1,13035,12911,124,12917,12794,123,53,52,1,37,34,3,71,71,0,7,7,0
19037,2,4,Iowa,Chickasaw County,1,13095,13013,82,13047,12968,79,19,19,0,43,41,2,45,43,2,9,8,1
19039,2,4,Iowa,Clarke County,1,9133,8764,369,9056,8690,366,17,17,0,59,53,6,41,41,0,5,4,1
19041,2,4,Iowa,Clay County,1,17372,17176,196,17176,16981,195,44,43,1,53,52,1,169,167,2,11,11,0
19043,2,4,Iowa,Clayton County,1,18678,18536,142,18583,18454,129,47,46,1,75,61,14,31,29,2,5,5,0
19045,2,4,Iowa,Clinton County,1,50149,49522,627,48767,48204,563,1169,1150,19,325,287,38,329,309,20,21,19,2
19047,2,4,Iowa,Crawford County,1,16942,15460,1482,16652,15223,1429,161,141,20,97,67,30,102,97,5,7,7,0
19049,2,4,Iowa,Dallas County,1,40750,38551,2199,40003,37905,2098,424,376,48,157,129,28,366,356,10,46,21,25
19051,2,4,Iowa,Davis County,1,8541,8480,61,8485,8428,57,24,22,2,60,54,6,27,25,2,10,8,2
19053,2,4,Iowa,Decatur County,1,8689,8541,148,8507,8373,134,102,95,7,65,57,8,89,84,5,35,24,11
19055,2,4,Iowa,Delaware County,1,18404,18283,121,18345,18227,118,22,20,2,46,43,3,34,34,0,5,3,2
19057,2,4,Iowa,Des Moines County,1,42351,41611,740,40413,39731,682,1784,1744,40,256,237,19,318,309,9,32,23,9
19059,2,4,Iowa,Dickinson County,1,16424,16315,109,16325,16227,98,57,47,10,58,57,1,39,38,1,1,1,0
19061,2,4,Iowa,Dubuque County,1,89143,88078,1065,87599,86603,996,1017,967,50,320,289,31,659,648,11,108,99,9
19063,2,4,Iowa,Emmet County,1,11027,10552,475,10927,10469,458,47,44,3,59,42,17,43,43,0,1,1,0
19065,2,4,Iowa,Fayette County,1,22008,21678,330,21752,21437,315,157,147,10,89,79,10,109,102,7,16,14,2
19067,2,4,Iowa,Floyd County,1,16900,16678,222,16737,16523,214,61,48,13,58,47,11,108,99,9,29,29,0
19069,2,4,Iowa,Franklin County,1,10704,10062,642,10637,10029,608,18,16,2,39,16,23,34,23,11,4,4,0
19071,2,4,Iowa,Fremont County,1,8010,7836,174,7968,7797,171,6,6,0,44,44,0,28,25,3,2,2,0
19073,2,4,Iowa,Greene County,1,10366,10194,172,10304,10145,159,28,24,4,43,35,8,34,33,1,1,1,0
19075,2,4,Iowa,Grundy County,1,12369,12297,72,12319,12250,69,19,18,1,26,24,2,53,50,3,2,2,0
19077,2,4,Iowa,Guthrie County,1,11353,11233,120,11311,11193,118,25,23,2,41,38,3,29,29,0,8,8,0
19079,2,4,Iowa,Hamilton County,1,16438,16204,234,16105,15886,219,64,64,0,71,56,15,276,276,0,7,7,0
19081,2,4,Iowa,Hancock County,1,12100,11799,301,12033,11742,291,18,14,4,24,23,1,60,55,5,2,2,0
19083,2,4,Iowa,Hardin County,1,18812,18357,455,18594,18153,441,133,125,8,55,54,1,74,73,1,17,11,6
19085,2,4,Iowa,Harrison County,1,15666,15553,113,15587,15477,110,40,40,0,101,99,2,44,42,2,7,7,0
19087,2,4,Iowa,Henry County,1,20336,20080,256,19560,19326,234,368,357,11,117,109,8,459,453,6,24,19,5
19089,2,4,Iowa,Howard County,1,9932,9877,55,9886,9832,54,22,22,0,27,26,1,31,31,0,1,0,1
19091,2,4,Iowa,Humboldt County,1,10381,10281,100,10321,10225,96,17,13,4,23,23,0,39,39,0,12,12,0
19093,2,4,Iowa,Ida County,1,7837,7800,37,7804,7769,35,15,15,0,12,10,2,32,32,0,3,3,0
19095,2,4,Iowa,Iowa County,1,15671,15519,152,15571,15425,146,40,38,2,35,30,5,59,59,0,7,6,1
19097,2,4,Iowa,Jackson County,1,20296,20175,121,20200,20085,115,50,45,5,64,61,3,38,38,0,28,26,2
19099,2,4,Iowa,Jasper County,1,37213,36838,375,36606,36258,348,372,361,11,173,161,12,225,220,5,34,23,11
19101,2,4,Iowa,Jefferson County,1,16181,15884,297,15745,15458,287,135,127,8,70,65,5,330,328,2,8,8,0
19103,2,4,Iowa,Johnson County,1,111006,108225,2781,102540,99971,2569,3885,3702,183,667,592,75,5147,5098,49,106,104,2
19105,2,4,Iowa,Jones County,1,20221,20008,213,19731,19534,197,419,405,14,126,119,7,60,59,1,5,5,0
19107,2,4,Iowa,Keokuk County,1,11400,11339,61,11347,11291,56,12,12,0,30,27,3,38,38,0,7,5,2
19109,2,4,Iowa,Kossuth County,1,17163,17024,139,17057,16922,135,38,35,3,45,42,3,72,71,1,6,5,1
19111,2,4,Iowa,Lee County,1,38052,37150,902,36667,35799,868,1307,1277,30,253,240,13,199,199,0,29,27,2
19113,2,4,Iowa,Linn County,1,191701,188979,2722,183328,180782,2546,6304,6164,140,1103,1000,103,3234,3185,49,151,142,9
19115,2,4,Iowa,Louisa County,1,12183,10646,1537,12091,10575,1516,54,40,14,48,46,2,31,30,1,10,0,10
19117,2,4,Iowa,Lucas County,1,9422,9340,82,9369,9288,81,14,14,0,31,31,0,32,31,1,1,1,0
19119,2,4,Iowa,Lyon County,1,11763,11721,42,11711,11675,36,20,20,0,42,40,2,24,20,4,6,6,0
19121,2,4,Iowa,Madison County,1,14019,13914,105,13932,13836,96,22,21,1,92,78,14,44,43,1,12,12,0
19123,2,4,Iowa,Mahaska County,1,22335,22145,190,21944,21761,183,177,175,2,119,113,6,240,237,3,10,9,1
19125,2,4,Iowa,Marion County,1,32052,31795,257,31502,31258,244,181,174,7,149,143,6,373,367,6,21,17,4
19127,2,4,Iowa,Marshall County,1,39311,35788,3523,38370,34947,3423,530,471,59,266,215,51,403,389,14,38,30,8
19129,2,4,Iowa,Mills County,1,14547,14368,179,14421,14246,175,52,52,0,111,103,8,58,57,1,4,4,0
19131,2,4,Iowa,Mitchell County,1,10874,10811,63,10824,10767,57,21,21,0,14,10,4,26,25,1,3,2,1
19133,2,4,Iowa,Monona County,1,10020,9950,70,9920,9851,69,18,16,2,104,96,8,19,19,0,4,4,0
19135,2,4,Iowa,Monroe County,1,8016,7976,40,7935,7902,33,33,29,4,48,41,7,41,41,0,0,0,0
19137,2,4,Iowa,Montgomery County,1,11771,11618,153,11689,11537,152,16,16,0,69,68,1,40,40,0,2,2,0
19139,2,4,Iowa,Muscatine County,1,41722,36749,4973,40861,36016,4845,388,340,48,310,226,84,427,405,22,27,23,4
19141,2,4,Iowa,O'Brien County,1,15102,14835,267,14927,14681,246,66,58,8,53,46,7,101,94,7,8,8,0
19143,2,4,Iowa,Osceola County,1,7003,6878,125,6961,6837,124,13,13,0,30,30,0,18,18,0,3,2,1
19145,2,4,Iowa,Page County,1,16976,16711,265,16518,16264,254,308,300,8,129,123,6,106,106,0,11,11,0
19147,2,4,Iowa,Palo Alto County,1,10147,10070,77,10081,10007,74,17,17,0,48,38,10,44,44,0,4,4,0
19149,2,4,Iowa,Plymouth County,1,24849,24521,328,24651,24332,319,117,112,5,74,70,4,101,97,4,28,27,1
19151,2,4,Iowa,Pocahontas County,1,8662,8585,77,8605,8529,76,34,34,0,32,31,1,23,21,2,11,9,2
19153,2,4,Iowa,Polk County,1,374601,358111,16490,344177,328528,15649,20576,20000,576,2421,2083,338,11302,11105,197,485,429,56
19155,2,4,Iowa,Pottawattamie County,1,87704,84812,2892,86153,83375,2778,935,897,38,670,593,77,615,591,24,66,55,11
19157,2,4,Iowa,Poweshiek County,1,18815,18589,226,18444,18235,209,149,142,7,100,83,17,258,255,3,17,17,0
19159,2,4,Iowa,Ringgold County,1,5469,5456,13,5442,5429,13,9,9,0,21,21,0,12,12,0,0,0,0
19161,2,4,Iowa,Sac County,1,11529,11418,111,11466,11356,110,51,50,1,27,27,0,33,33,0,9,9,0
19163,2,4,Iowa,Scott County,1,158668,152223,6445,145539,139528,6011,11105,10731,374,1308,1130,178,2956,2900,56,102,96,6
19165,2,4,Iowa,Shelby County,1,13173,13085,88,13082,13000,82,25,24,1,66,61,5,50,50,0,5,5,0
19167,2,4,Iowa,Sioux County,1,31589,30781,808,31257,30485,772,99,92,7,99,84,15,228,218,10,18,7,11
19169,2,4,Iowa,Story County,1,79981,78743,1238,74097,72933,1164,1740,1673,67,352,317,35,4448,4434,14,71,68,3
19171,2,4,Iowa,Tama County,1,18103,17424,679,16877,16284,593,91,79,12,1252,1159,93,39,39,0,10,10,0
19173,2,4,Iowa,Taylor County,1,6958,6693,265,6923,6660,263,2,2,0,21,21,0,29,26,3,4,3,1
19175,2,4,Iowa,Union County,1,12309,12184,125,12225,12106,119,44,39,5,53,49,4,41,41,0,4,4,0
19177,2,4,Iowa,Van Buren County,1,7809,7749,60,7758,7704,54,15,15,0,48,47,1,25,23,2,8,5,3
19179,2,4,Iowa,Wapello County,1,36051,35252,799,35339,34577,762,414,403,11,224,198,26,297,294,3,14,11,3
19181,2,4,Iowa,Warren County,1,40671,40230,441,40297,39874,423,176,174,2,192,168,24,223,216,7,23,20,3
19183,2,4,Iowa,Washington County,1,20670,20106,564,20497,19953,544,103,94,9,96,81,15,72,68,4,11,7,4
19185,2,4,Iowa,Wayne County,1,6730,6682,48,6697,6656,41,13,11,2,24,22,2,22,22,0,11,6,5
19187,2,4,Iowa,Webster County,1,40235,39291,944,38417,37549,868,1582,1531,51,267,232,35,316,313,3,27,22,5
19189,2,4,Iowa,Winnebago County,1,11723,11486,237,11587,11353,234,41,41,0,34,34,0,113,110,3,1,1,0
19191,2,4,Iowa,Winneshiek County,1,21310,21140,170,20997,20833,164,140,127,13,57,53,4,202,201,1,8,7,1
19193,2,4,Iowa,Woodbury County,1,103877,94409,9468,97093,88142,8951,2817,2624,193,2534,2122,412,2878,2828,50,83,57,26
19195,2,4,Iowa,Worth County,1,7909,7785,124,7865,7742,123,34,32,2,40,38,2,17,17,0,2,2,0
19197,2,4,Iowa,Wright County,1,14334,13628,706,14245,13556,689,50,43,7,51,45,6,45,38,7,3,3,0
19001,2,4,Iowa,Adair County,2,8243,8185,58,8211,8154,57,11,11,0,26,26,0,25,24,1,0,0,0
19003,2,4,Iowa,Adams County,2,4482,4456,26,4451,4426,25,5,3,2,24,24,0,10,10,0,0,0,0
19005,2,4,Iowa,Allamakee County,2,14675,14155,520,14576,14068,508,37,34,3,62,46,16,74,74,0,9,9,0
19007,2,4,Iowa,Appanoose County,2,13721,13586,135,13598,13470,128,75,71,4,87,78,9,45,44,1,4,4,0
19009,2,4,Iowa,Audubon County,2,6830,6797,33,6801,6769,32,18,17,1,20,20,0,16,16,0,0,0,0
19011,2,4,Iowa,Benton County,2,25308,25152,156,25169,25016,153,94,89,5,99,98,1,61,60,1,8,8,0
19013,2,4,Iowa,Black Hawk County,2,128013,125654,2359,116024,113825,2199,11058,10928,130,626,575,51,1568,1542,26,133,122,11
19015,2,4,Iowa,Boone County,2,26224,26006,218,26000,25818,182,132,103,29,104,91,13,73,71,2,8,8,0
19017,2,4,Iowa,Bremer County,2,23325,23195,130,23066,22948,118,154,149,5,49,46,3,158,152,6,9,8,1
19019,2,4,Iowa,Buchanan County,2,21093,20962,131,20896,20769,127,80,77,3,101,98,3,107,107,0,2,2,0
19021,2,4,Iowa,Buena Vista County,2,20411,17851,2560,19342,16861,2481,144,108,36,75,51,24,964,936,28,20,13,7
19023,2,4,Iowa,Butler County,2,15305,15216,89,15247,15160,87,29,29,0,51,49,2,44,44,0,9,9,0
19025,2,4,Iowa,Calhoun County,2,11115,11015,100,10986,10889,97,95,94,1,49,45,4,31,29,2,4,1,3
19027,2,4,Iowa,Carroll County,2,21421,21306,115,21285,21178,107,58,55,3,41,36,5,90,89,1,2,2,0
19029,2,4,Iowa,Cass County,2,14684,14583,101,14607,14506,101,55,55,0,45,44,1,21,21,0,6,6,0
19031,2,4,Iowa,Cedar County,2,18187,18016,171,18056,17896,160,56,56,0,67,58,9,78,74,4,16,10,6
19033,2,4,Iowa,Cerro Gordo County,2,46447,45156,1291,45635,44392,1243,542,519,23,193,163,30,410,401,9,33,29,4
19035,2,4,Iowa,Cherokee County,2,13035,12911,124,12917,12794,123,53,52,1,37,34,3,71,71,0,7,7,0
19037,2,4,Iowa,Chickasaw County,2,13095,13013,82,13047,12968,79,19,19,0,43,41,2,45,43,2,9,8,1
19039,2,4,Iowa,Clarke County,2,9133,8764,369,9056,8690,366,17,17,0,59,53,6,41,41,0,5,4,1
19041,2,4,Iowa,Clay County,2,17372,17176,196,17176,16981,195,44,43,1,53,52,1,169,167,2,11,11,0
19043,2,4,Iowa,Clayton County,2,18678,18536,142,18583,18454,129,47,46,1,75,61,14,31,29,2,5,5,0
19045,2,4,Iowa,Clinton County,2,50149,49522,627,48767,48204,563,1169,1150,19,325,287,38,329,309,20,21,19,2
19047,2,4,Iowa,Crawford County,2,16942,15460,1482,16652,15223,1429,161,141,20,97,67,30,102,97,5,7,7,0
19049,2,4,Iowa,Dallas County,2,40750,38551,2199,40003,37905,2098,424,376,48,157,129,28,366,356,10,46,21,25
19051,2,4,Iowa,Davis County,2,8541,8480,61,8485,8428,57,24,22,2,60,54,6,27,25,2,10,8,2
19053,2,4,Iowa,Decatur County,2,8689,8541,148,8507,8373,134,102,95,7,65,57,8,89,84,5,35,24,11
19055,2,4,Iowa,Delaware County,2,18404,18283,121,18345,18227,118,22,20,2,46,43,3,34,34,0,5,3,2
19057,2,4,Iowa,Des Moines County,2,42351,41611,740,40413,39731,682,1784,1744,40,256,237,19,318,309,9,32,23,9
19059,2,4,Iowa,Dickinson County,2,16424,16315,109,16325,16227,98,57,47,10,58,57,1,39,38,1,1,1,0
19061,2,4,Iowa,Dubuque County,2,89156,88091,1065,87612,86616,996,1017,967,50,320,289,31,659,648,11,108,99,9
19063,2,4,Iowa,Emmet County,2,11027,10552,475,10927,10469,458,47,44,3,59,42,17,43,43,0,1,1,0
19065,2,4,Iowa,Fayette County,2,22008,21678,330,21752,21437,315,157,147,10,89,79,10,109,102,7,16,14,2
19067,2,4,Iowa,Floyd County,2,16900,16678,222,16737,16523,214,61,48,13,58,47,11,108,99,9,29,29,0
19069,2,4,Iowa,Franklin County,2,10704,10062,642,10637,10029,608,18,16,2,39,16,23,34,23,11,4,4,0
19071,2,4,Iowa,Fremont County,2,8010,7836,174,7968,7797,171,6,6,0,44,44,0,28,25,3,2,2,0
19073,2,4,Iowa,Greene County,2,10366,10194,172,10304,10145,159,28,24,4,43,35,8,34,33,1,1,1,0
19075,2,4,Iowa,Grundy County,2,12369,12297,72,12319,12250,69,19,18,1,26,24,2,53,50,3,2,2,0
19077,2,4,Iowa,Guthrie County,2,11353,11233,120,11311,11193,118,25,23,2,41,38,3,29,29,0,8,8,0
19079,2,4,Iowa,Hamilton County,2,16438,16204,234,16105,15886,219,64,64,0,71,56,15,276,276,0,7,7,0
19081,2,4,Iowa,Hancock County,2,12100,11799,301,12033,11742,291,18,14,4,24,23,1,60,55,5,2,2,0
19083,2,4,Iowa,Hardin County,2,18812,18357,455,18594,18153,441,133,125,8,55,54,1,74,73,1,17,11,6
19085,2,4,Iowa,Harrison County,2,15666,15553,113,15587,15477,110,40,40,0,101,99,2,44,42,2,7,7,0
19087,2,4,Iowa,Henry County,2,20336,20080,256,19560,19326,234,368,357,11,117,109,8,459,453,6,24,19,5
19089,2,4,Iowa,Howard County,2,9932,9877,55,9886,9832,54,22,22,0,27,26,1,31,31,0,1,0,1
19091,2,4,Iowa,Humboldt County,2,10381,10281,100,10321,10225,96,17,13,4,23,23,0,39,39,0,12,12,0
19093,2,4,Iowa,Ida County,2,7837,7800,37,7804,7769,35,15,15,0,12,10,2,32,32,0,3,3,0
19095,2,4,Iowa,Iowa County,2,15671,15519,152,15571,15425,146,40,38,2,35,30,5,59,59,0,7,6,1
19097,2,4,Iowa,Jackson County,2,20296,20175,121,20200,20085,115,50,45,5,64,61,3,38,38,0,28,26,2
19099,2,4,Iowa,Jasper County,2,37213,36838,375,36606,36258,348,372,361,11,173,161,12,225,220,5,34,23,11
19101,2,4,Iowa,Jefferson County,2,16181,15884,297,15745,15458,287,135,127,8,70,65,5,330,328,2,8,8,0
19103,2,4,Iowa,Johnson County,2,111006,108225,2781,102540,99971,2569,3885,3702,183,667,592,75,5147,5098,49,106,104,2
19105,2,4,Iowa,Jones County,2,20221,20008,213,19731,19534,197,419,405,14,126,119,7,60,59,1,5,5,0
19107,2,4,Iowa,Keokuk County,2,11400,11339,61,11347,11291,56,12,12,0,30,27,3,38,38,0,7,5,2
19109,2,4,Iowa,Kossuth County,2,17163,17024,139,17057,16922,135,38,35,3,45,42,3,72,71,1,6,5,1
19111,2,4,Iowa,Lee County,2,38052,37150,902,36667,35799,868,1307,1277,30,253,240,13,199,199,0,29,27,2
19113,2,4,Iowa,Linn County,2,191701,188979,2722,183328,180782,2546,6304,6164,140,1103,1000,103,3234,3185,49,151,142,9
19115,2,4,Iowa,Louisa County,2,12183,10646,1537,12091,10575,1516,54,40,14,48,46,2,31,30,1,10,0,10
19117,2,4,Iowa,Lucas County,2,9422,9340,82,9369,9288,81,14,14,0,31,31,0,32,31,1,1,1,0
19119,2,4,Iowa,Lyon County,2,11763,11721,42,11711,11675,36,20,20,0,42,40,2,24,20,4,6,6,0
19121,2,4,Iowa,Madison County,2,14019,13914,105,13932,13836,96,22,21,1,92,78,14,44,43,1,12,12,0
19123,2,4,Iowa,Mahaska County,2,22335,22145,190,21944,21761,183,177,175,2,119,113,6,240,237,3,10,9,1
19125,2,4,Iowa,Marion County,2,32054,31797,257,31504,31260,244,181,174,7,149,143,6,373,367,6,21,17,4
19127,2,4,Iowa,Marshall County,2,39311,35788,3523,38370,34947,3423,530,471,59,266,215,51,403,389,14,38,30,8
19129,2,4,Iowa,Mills County,2,14547,14368,179,14421,14246,175,52,52,0,111,103,8,58,57,1,4,4,0
19131,2,4,Iowa,Mitchell County,2,10874,10811,63,10824,10767,57,21,21,0,14,10,4,26,25,1,3,2,1
19133,2,4,Iowa,Monona County,2,10020,9950,70,9920,9851,69,18,16,2,104,96,8,19,19,0,4,4,0
19135,2,4,Iowa,Monroe County,2,8016,7976,40,7935,7902,33,33,29,4,48,41,7,41,41,0,0,0,0
19137,2,4,Iowa,Montgomery County,2,11771,11618,153,11689,11537,152,16,16,0,69,68,1,40,40,0,2,2,0
19139,2,4,Iowa,Muscatine County,2,41722,36749,4973,40861,36016,4845,388,340,48,310,226,84,427,405,22,27,23,4
19141,2,4,Iowa,O'Brien County,2,15102,14835,267,14927,14681,246,66,58,8,53,46,7,101,94,7,8,8,0
19143,2,4,Iowa,Osceola County,2,7003,6878,125,6961,6837,124,13,13,0,30,30,0,18,18,0,3,2,1
19145,2,4,Iowa,Page County,2,16976,16711,265,16518,16264,254,308,300,8,129,123,6,106,106,0,11,11,0
19147,2,4,Iowa,Palo Alto County,2,10147,10070,77,10081,10007,74,17,17,0,48,38,10,44,44,0,4,4,0
19149,2,4,Iowa,Plymouth County,2,24849,24521,328,24651,24332,319,117,112,5,74,70,4,101,97,4,28,27,1
19151,2,4,Iowa,Pocahontas County,2,8662,8585,77,8605,8529,76,34,34,0,32,31,1,23,21,2,11,9,2
19153,2,4,Iowa,Polk County,2,374605,358115,16490,344181,328532,15649,20576,20000,576,2421,2083,338,11302,11105,197,485,429,56
19155,2,4,Iowa,Pottawattamie County,2,87803,84911,2892,86248,83470,2778,935,897,38,674,597,77,615,591,24,66,55,11
19157,2,4,Iowa,Poweshiek County,2,18832,18606,226,18461,18252,209,149,142,7,100,83,17,258,255,3,17,17,0
19159,2,4,Iowa,Ringgold County,2,5469,5456,13,5442,5429,13,9,9,0,21,21,0,12,12,0,0,0,0
19161,2,4,Iowa,Sac County,2,11529,11418,111,11466,11356,110,51,50,1,27,27,0,33,33,0,9,9,0
19163,2,4,Iowa,Scott County,2,158689,152244,6445,145560,139549,6011,11105,10731,374,1308,1130,178,2956,2900,56,102,96,6
19165,2,4,Iowa,Shelby County,2,13074,12986,88,12987,12905,82,25,24,1,62,57,5,50,50,0,5,5,0
19167,2,4,Iowa,Sioux County,2,31589,30781,808,31257,30485,772,99,92,7,99,84,15,228,218,10,18,7,11
19169,2,4,Iowa,Story County,2,79981,78743,1238,74097,72933,1164,1740,1673,67,352,317,35,4448,4434,14,71,68,3
19171,2,4,Iowa,Tama County,2,18103,17424,679,16877,16284,593,91,79,12,1252,1159,93,39,39,0,10,10,0
19173,2,4,Iowa,Taylor County,2,6958,6693,265,6923,6660,263,2,2,0,21,21,0,29,26,3,4,3,1
19175,2,4,Iowa,Union County,2,12309,12184,125,12225,12106,119,44,39,5,53,49,4,41,41,0,4,4,0
19177,2,4,Iowa,Van Buren County,2,7809,7749,60,7758,7704,54,15,15,0,48,47,1,25,23,2,8,5,3
19179,2,4,Iowa,Wapello County,2,36051,35252,799,35339,34577,762,414,403,11,224,198,26,297,294,3,14,11,3
19181,2,4,Iowa,Warren County,2,40671,40230,441,40297,39874,423,176,174,2,192,168,24,223,216,7,23,20,3
19183,2,4,Iowa,Washington County,2,20670,20106,564,20497,19953,544,103,94,9,96,81,15,72,68,4,11,7,4
19185,2,4,Iowa,Wayne County,2,6730,6682,48,6697,6656,41,13,11,2,24,22,2,22,22,0,11,6,5
19187,2,4,Iowa,Webster County,2,40235,39291,944,38417,37549,868,1582,1531,51,267,232,35,316,313,3,27,22,5
19189,2,4,Iowa,Winnebago County,2,11723,11486,237,11587,11353,234,41,41,0,34,34,0,113,110,3,1,1,0
19191,2,4,Iowa,Winneshiek County,2,21310,21140,170,20997,20833,164,140,127,13,57,53,4,202,201,1,8,7,1
19193,2,4,Iowa,Woodbury County,2,103877,94409,9468,97093,88142,8951,2817,2624,193,2534,2122,412,2878,2828,50,83,57,26
19195,2,4,Iowa,Worth County,2,7909,7785,124,7865,7742,123,34,32,2,40,38,2,17,17,0,2,2,0
19197,2,4,Iowa,Wright County,2,14334,13628,706,14245,13556,689,50,43,7,51,45,6,45,38,7,3,3,0
19001,2,4,Iowa,Adair County,3,8209,8151,58,8181,8124,57,7,7,0,12,12,0,21,20,1,0,0,0
19003,2,4,Iowa,Adams County,3,4478,4452,26,4446,4421,25,3,2,1,21,21,0,9,9,0,0,0,0
19005,2,4,Iowa,Allamakee County,3,14692,14173,519,14598,14092,506,26,26,0,44,30,14,72,72,0,1,1,0
19007,2,4,Iowa,Appanoose County,3,13703,13573,130,13589,13463,126,68,64,4,81,77,4,40,40,0,0,0,0
19009,2,4,Iowa,Audubon County,3,6807,6774,33,6782,6749,33,19,18,1,13,13,0,14,14,0,0,0,0
19011,2,4,Iowa,Benton County,3,25340,25183,157,25202,25048,154,92,89,3,104,102,2,57,57,0,2,1,1
19013,2,4,Iowa,Black Hawk County,3,127902,125554,2348,115899,113714,2185,11048,10919,129,662,621,41,1547,1532,15,189,180,9
19015,2,4,Iowa,Boone County,3,26251,26035,216,26035,25850,185,124,99,25,91,80,11,62,61,1,0,0,0
19017,2,4,Iowa,Bremer County,3,23297,23169,128,23045,22928,117,149,147,2,33,30,3,157,152,5,3,0,3
19019,2,4,Iowa,Buchanan County,3,21077,20945,132,20881,20754,127,79,76,3,99,97,2,105,105,0,0,0,0
19021,2,4,Iowa,Buena Vista County,3,20361,17814,2547,19323,16848,2475,126,93,33,51,22,29,946,920,26,4,4,0
19023,2,4,Iowa,Butler County,3,15317,15229,88,15272,15184,88,27,27,0,36,35,1,37,37,0,1,1,0
19025,2,4,Iowa,Calhoun County,3,11086,10988,98,10961,10865,96,84,83,1,35,33,2,26,23,3,5,2,3
19027,2,4,Iowa,Carroll County,3,21364,21248,116,21227,21119,108,58,55,3,30,25,5,82,81,1,0,0,0
19029,2,4,Iowa,Cass County,3,14683,14583,100,14606,14506,100,53,53,0,37,37,0,23,23,0,4,4,0
19031,2,4,Iowa,Cedar County,3,18217,18047,170,18093,17932,161,58,58,0,54,48,6,62,61,1,10,5,5
19033,2,4,Iowa,Cerro Gordo County,3,46328,45031,1297,45527,44276,1251,549,524,25,190,160,30,418,410,8,9,6,3
19035,2,4,Iowa,Cherokee County,3,13015,12893,122,12895,12774,121,48,48,0,25,24,1,62,62,0,2,2,0
19037,2,4,Iowa,Chickasaw County,3,13071,12991,80,13029,12950,79,18,18,0,40,38,2,43,42,1,4,3,1
19039,2,4,Iowa,Clarke County,3,9193,8822,371,9111,8745,366,17,17,0,51,48,3,37,36,1,1,0,1
19041,2,4,Iowa,Clay County,3,17385,17191,194,17197,17004,193,46,46,0,40,39,1,160,160,0,0,0,0
19043,2,4,Iowa,Clayton County,3,18623,18481,142,18531,18403,128,46,45,1,60,46,14,25,25,0,0,0,0
19045,2,4,Iowa,Clinton County,3,50071,49443,628,48686,48115,571,1164,1145,19,348,307,41,328,315,13,1,0,1
19047,2,4,Iowa,Crawford County,3,16934,15447,1487,16642,15203,1439,156,137,19,76,44,32,93,91,2,0,0,0
19049,2,4,Iowa,Dallas County,3,41052,38806,2246,40283,38150,2133,420,368,52,145,115,30,368,344,24,62,34,28
19051,2,4,Iowa,Davis County,3,8548,8485,63,8502,8444,58,22,18,4,50,46,4,24,23,1,7,4,3
19053,2,4,Iowa,Decatur County,3,8691,8531,160,8502,8361,141,93,85,8,53,43,10,92,85,7,54,40,14
19055,2,4,Iowa,Delaware County,3,18393,18271,122,18339,18220,119,22,20,2,38,35,3,28,28,0,1,0,1
19057,2,4,Iowa,Des Moines County,3,42287,41549,738,40365,39685,680,1761,1729,32,264,249,15,310,299,11,24,12,12
19059,2,4,Iowa,Dickinson County,3,16466,16354,112,16367,16263,104,61,48,13,44,44,0,37,36,1,0,0,0
19061,2,4,Iowa,Dubuque County,3,89258,88177,1081,87712,86701,1011,1034,986,48,329,304,25,657,648,9,116,103,13
19063,2,4,Iowa,Emmet County,3,10995,10522,473,10892,10436,456,39,39,0,45,27,18,36,36,0,0,0,0
19065,2,4,Iowa,Fayette County,3,22004,21668,336,21754,21437,317,151,139,12,84,74,10,96,90,6,9,4,5
19067,2,4,Iowa,Floyd County,3,16863,16648,215,16713,16510,203,53,50,3,32,27,5,90,87,3,27,21,6
19069,2,4,Iowa,Franklin County,3,10689,10041,648,10622,10009,613,20,17,3,29,5,24,29,20,9,3,0,3
19071,2,4,Iowa,Fremont County,3,8001,7828,173,7963,7792,171,4,4,0,32,32,0,20,18,2,0,0,0
19073,2,4,Iowa,Greene County,3,10346,10166,180,10283,10115,168,36,29,7,33,19,14,28,28,0,0,0,0
19075,2,4,Iowa,Grundy County,3,12375,12302,73,12328,12257,71,19,17,2,22,20,2,51,49,2,2,2,0
19077,2,4,Iowa,Guthrie County,3,11349,11230,119,11316,11199,117,25,24,1,30,29,1,25,25,0,0,0,0
19079,2,4,Iowa,Hamilton County,3,16424,16189,235,16094,15874,220,67,67,0,58,42,16,271,271,0,0,0,0
19081,2,4,Iowa,Hancock County,3,12103,11800,303,12038,11743,295,17,14,3,17,15,2,56,52,4,3,0,3
19083,2,4,Iowa,Hardin County,3,18825,18370,455,18608,18167,441,123,117,6,49,47,2,65,65,0,17,10,7
19085,2,4,Iowa,Harrison County,3,15703,15591,112,15625,15516,109,28,28,0,91,90,1,28,28,0,3,1,2
19087,2,4,Iowa,Henry County,3,20301,20046,255,19531,19299,232,352,342,10,117,115,2,463,454,9,5,2,3
19089,2,4,Iowa,Howard County,3,9914,9859,55,9868,9814,54,21,21,0,17,16,1,31,31,0,1,0,1
19091,2,4,Iowa,Humboldt County,3,10370,10271,99,10319,10223,96,14,11,3,7,7,0,37,37,0,6,6,0
19093,2,4,Iowa,Ida County,3,7807,7768,39,7776,7739,37,13,13,0,9,5,4,25,25,0,0,0,0
19095,2,4,Iowa,Iowa County,3,15713,15560,153,15617,15470,147,39,37,2,26,20,6,52,51,1,1,0,1
19097,2,4,Iowa,Jackson County,3,20309,20187,122,20223,20107,116,47,42,5,60,57,3,20,20,0,31,27,4
19099,2,4,Iowa,Jasper County,3,37249,36874,375,36638,36293,345,345,341,4,186,175,11,220,216,4,37,22,15
19101,2,4,Iowa,Jefferson County,3,16162,15866,296,15723,15436,287,131,125,6,60,56,4,342,341,1,0,0,0
19103,2,4,Iowa,Johnson County,3,111362,108570,2792,102787,100206,2581,3931,3759,172,693,628,65,5245,5213,32,129,129,0
19105,2,4,Iowa,Jones County,3,20214,20000,214,19712,19516,196,405,392,13,115,110,5,56,56,0,0,0,0
19107,2,4,Iowa,Keokuk County,3,11422,11359,63,11367,11309,58,11,11,0,25,20,5,33,32,1,3,2,1
19109,2,4,Iowa,Kossuth County,3,17127,16988,139,17026,16891,135,40,38,2,28,25,3,63,62,1,1,1,0
19111,2,4,Iowa,Lee County,3,37938,37032,906,36578,35708,870,1261,1230,31,248,238,10,188,188,0,15,12,3
19113,2,4,Iowa,Linn County,3,192222,189481,2741,183820,181253,2567,6408,6274,134,1161,1078,83,3305,3269,36,194,188,6
19115,2,4,Iowa,Louisa County,3,12176,10627,1549,12069,10547,1522,56,42,14,44,43,1,20,19,1,23,8,15
19117,2,4,Iowa,Lucas County,3,9406,9324,82,9358,9277,81,12,12,0,20,20,0,30,29,1,0,0,0
19119,2,4,Iowa,Lyon County,3,11748,11706,42,11697,11660,37,17,17,0,39,36,3,19,17,2,2,0,2
19121,2,4,Iowa,Madison County,3,14059,13950,109,13976,13876,100,20,18,2,89,77,12,35,34,1,2,2,0
19123,2,4,Iowa,Mahaska County,3,22303,22110,193,21918,21732,186,169,167,2,119,111,8,241,239,2,0,0,0
19125,2,4,Iowa,Marion County,3,32115,31855,260,31564,31319,245,177,169,8,152,145,7,375,373,2,3,1,2
19127,2,4,Iowa,Marshall County,3,39325,35774,3551,38381,34936,3445,531,468,63,283,235,48,410,389,21,28,16,12
19129,2,4,Iowa,Mills County,3,14569,14392,177,14450,14275,175,45,45,0,98,94,4,58,58,0,0,0,0
19131,2,4,Iowa,Mitchell County,3,10869,10805,64,10824,10766,58,19,19,0,8,4,4,21,19,2,1,0,1
19133,2,4,Iowa,Monona County,3,10004,9937,67,9907,9843,64,21,19,2,93,90,3,12,12,0,2,2,0
19135,2,4,Iowa,Monroe County,3,7994,7957,37,7914,7881,33,26,25,1,33,29,4,40,40,0,0,0,0
19137,2,4,Iowa,Montgomery County,3,11792,11639,153,11712,11560,152,16,16,0,55,54,1,35,35,0,0,0,0
19139,2,4,Iowa,Muscatine County,3,41790,36778,5012,40934,36044,4890,372,326,46,320,228,92,424,409,15,8,6,2
19141,2,4,Iowa,O'Brien County,3,15068,14799,269,14892,14644,248,62,53,9,44,35,9,92,86,6,1,1,0
19143,2,4,Iowa,Osceola County,3,6983,6859,124,6940,6816,124,13,13,0,23,23,0,15,15,0,0,0,0
19145,2,4,Iowa,Page County,3,16927,16661,266,16465,16211,254,293,285,8,124,119,5,102,102,0,6,6,0
19147,2,4,Iowa,Palo Alto County,3,10141,10069,72,10077,10007,70,15,15,0,40,37,3,38,38,0,0,0,0
19149,2,4,Iowa,Plymouth County,3,24866,24536,330,24669,24350,319,116,109,7,55,53,2,102,100,2,20,17,3
19151,2,4,Iowa,Pocahontas County,3,8612,8532,80,8560,8483,77,27,27,0,17,16,1,20,18,2,11,6,5
19153,2,4,Iowa,Polk County,3,375761,358974,16787,344863,328929,15934,20941,20311,630,2724,2342,382,11800,11532,268,713,663,50
19155,2,4,Iowa,Pottawattamie County,3,87979,85055,2924,86467,83642,2825,914,882,32,696,608,88,602,585,17,71,62,9
19157,2,4,Iowa,Poweshiek County,3,18852,18626,226,18479,18270,209,137,132,5,92,75,17,249,248,1,16,16,0
19159,2,4,Iowa,Ringgold County,3,5465,5452,13,5436,5423,13,10,10,0,16,16,0,12,12,0,0,0,0
19161,2,4,Iowa,Sac County,3,11476,11365,111,11418,11308,110,53,52,1,24,24,0,20,20,0,2,2,0
19163,2,4,Iowa,Scott County,3,158727,152215,6512,145605,139511,6094,11225,10845,380,1450,1257,193,3047,2998,49,127,123,4
19165,2,4,Iowa,Shelby County,3,13081,12992,89,12992,12909,83,25,24,1,55,49,6,43,43,0,0,0,0
19167,2,4,Iowa,Sioux County,3,31575,30766,809,31249,30473,776,94,85,9,84,73,11,224,213,11,11,5,6
19169,2,4,Iowa,Story County,3,80183,78950,1233,74228,73071,1157,1723,1670,53,378,355,23,4506,4493,13,81,81,0
19171,2,4,Iowa,Tama County,3,18085,17414,671,16904,16324,580,82,68,14,1238,1158,80,31,31,0,1,1,0
19173,2,4,Iowa,Taylor County,3,6988,6724,264,6956,6695,261,2,2,0,11,11,0,25,24,1,3,1,2
19175,2,4,Iowa,Union County,3,12282,12157,125,12196,12077,119,43,39,4,42,39,3,34,34,0,1,1,0
19177,2,4,Iowa,Van Buren County,3,7819,7755,64,7776,7721,55,15,14,1,38,36,2,24,23,1,7,0,7
19179,2,4,Iowa,Wapello County,3,36009,35207,802,35298,34532,766,399,388,11,235,210,25,295,291,4,1,0,1
19181,2,4,Iowa,Warren County,3,40791,40343,448,40427,40002,425,180,178,2,204,188,16,230,225,5,21,13,8
19183,2,4,Iowa,Washington County,3,20721,20154,567,20549,20003,546,95,88,7,88,71,17,58,56,2,5,0,5
19185,2,4,Iowa,Wayne County,3,6733,6678,55,6702,6657,45,11,10,1,16,13,3,9,7,2,20,11,9
19187,2,4,Iowa,Webster County,3,40196,39253,943,38402,37532,870,1546,1499,47,267,235,32,322,320,2,4,2,2
19189,2,4,Iowa,Winnebago County,3,11758,11521,237,11626,11391,235,38,38,0,28,28,0,105,102,3,0,0,0
19191,2,4,Iowa,Winneshiek County,3,21312,21138,174,21003,20841,162,138,130,8,45,37,8,195,193,2,4,3,1
19193,2,4,Iowa,Woodbury County,3,103851,94266,9585,97041,87997,9044,2892,2663,229,2619,2164,455,2932,2853,79,77,72,5
19195,2,4,Iowa,Worth County,3,7911,7786,125,7874,7750,124,31,30,1,34,32,2,15,15,0,0,0,0
19197,2,4,Iowa,Wright County,3,14328,13619,709,14244,13550,694,53,46,7,34,28,6,36,31,5,1,0,1
19001,2,4,Iowa,Adair County,4,8090,8033,57,8060,8004,56,7,7,0,12,12,0,23,22,1,0,0,0
19003,2,4,Iowa,Adams County,4,4414,4392,22,4384,4362,22,1,1,0,20,20,0,9,9,0,0,0,0
19005,2,4,Iowa,Allamakee County,4,14418,13821,597,14319,13736,583,27,26,1,44,29,15,78,78,0,0,0,0
19007,2,4,Iowa,Appanoose County,4,13619,13490,129,13491,13367,124,73,69,4,84,80,4,50,50,0,0,0,0
19009,2,4,Iowa,Audubon County,4,6664,6631,33,6635,6602,33,17,16,1,16,16,0,15,15,0,0,0,0
19011,2,4,Iowa,Benton County,4,25696,25533,163,25542,25383,159,98,94,4,102,101,1,72,72,0,2,1,1
19013,2,4,Iowa,Black Hawk County,4,127524,125191,2333,115397,113221,2176,11047,10918,129,655,618,37,1701,1687,14,193,185,8
19015,2,4,Iowa,Boone County,4,26244,26040,204,25999,25829,170,138,109,29,89,80,9,76,72,4,1,1,0
19017,2,4,Iowa,Bremer County,4,23458,23321,137,23182,23053,129,160,155,5,29,24,5,194,191,3,1,0,1
19019,2,4,Iowa,Buchanan County,4,20955,20810,145,20756,20617,139,78,75,3,110,105,5,103,103,0,0,0,0
19021,2,4,Iowa,Buena Vista County,4,20225,17535,2690,19118,16503,2615,138,95,43,51,24,27,1002,976,26,3,2,1
19023,2,4,Iowa,Butler County,4,15147,15058,89,15095,15006,89,29,29,0,43,41,2,44,44,0,2,2,0
19025,2,4,Iowa,Calhoun County,4,11002,10899,103,10866,10769,97,87,86,1,42,39,3,27,25,2,5,3,2
19027,2,4,Iowa,Carroll County,4,21199,21078,121,21048,20935,113,59,57,2,33,28,5,93,92,1,0,0,0
19029,2,4,Iowa,Cass County,4,14569,14451,118,14487,14369,118,50,50,0,41,41,0,26,26,0,5,5,0
19031,2,4,Iowa,Cedar County,4,18128,17982,146,17997,17861,136,56,56,0,56,49,7,68,68,0,8,3,5
19033,2,4,Iowa,Cerro Gordo County,4,45727,44476,1251,44898,43691,1207,564,539,25,181,154,27,441,433,8,5,1,4
19035,2,4,Iowa,Cherokee County,4,12921,12752,169,12786,12619,167,58,57,1,28,27,1,70,70,0,3,3,0
19037,2,4,Iowa,Chickasaw County,4,13084,12995,89,13033,12945,88,24,24,0,41,39,2,46,46,0,6,4,2
19039,2,4,Iowa,Clarke County,4,9169,8771,398,9077,8683,394,17,17,0,47,43,4,51,50,1,1,1,0
19041,2,4,Iowa,Clay County,4,17286,17062,224,17083,16860,223,60,59,1,45,44,1,166,165,1,2,1,1
19043,2,4,Iowa,Clayton County,4,18533,18383,150,18438,18303,135,48,47,1,66,51,15,27,27,0,2,1,1
19045,2,4,Iowa,Clinton County,4,49939,49296,643,48482,47892,590,1223,1201,22,368,330,38,370,354,16,2,1,1
19047,2,4,Iowa,Crawford County,4,16956,15284,1672,16636,15020,1616,161,143,18,93,53,40,102,98,4,0,0,0
19049,2,4,Iowa,Dallas County,4,42675,40340,2335,41719,39489,2230,444,396,48,176,141,35,535,517,18,83,60,23
19051,2,4,Iowa,Davis County,4,8626,8556,70,8575,8510,65,24,21,3,53,52,1,23,23,0,5,2,3
19053,2,4,Iowa,Decatur County,4,8709,8532,177,8492,8341,151,101,91,10,58,48,10,110,96,14,63,43,20
19055,2,4,Iowa,Delaware County,4,18289,18163,126,18236,18114,122,22,20,2,30,27,3,31,30,1,0,0,0
19057,2,4,Iowa,Des Moines County,4,41949,41198,751,39996,39311,685,1798,1760,38,258,240,18,318,303,15,17,11,6
19059,2,4,Iowa,Dickinson County,4,16480,16365,115,16375,16270,105,77,63,14,41,40,1,37,36,1,0,0,0
19061,2,4,Iowa,Dubuque County,4,89134,88133,1001,87459,86533,926,1102,1048,54,357,334,23,731,723,8,119,106,13
19063,2,4,Iowa,Emmet County,4,10886,10427,459,10775,10334,441,40,39,1,49,30,19,40,39,1,0,0,0
19065,2,4,Iowa,Fayette County,4,21723,21380,343,21457,21134,323,161,148,13,87,81,6,97,93,4,8,3,5
19067,2,4,Iowa,Floyd County,4,16633,16395,238,16477,16256,221,53,45,8,37,30,7,90,88,2,29,21,8
19069,2,4,Iowa,Franklin County,4,10646,9936,710,10579,9902,677,25,22,3,30,5,25,26,19,7,3,0,3
19071,2,4,Iowa,Fremont County,4,7918,7739,179,7880,7702,178,4,4,0,30,30,0,22,20,2,1,0,1
19073,2,4,Iowa,Greene County,4,10172,9990,182,10095,9925,170,27,22,5,36,21,15,46,45,1,0,0,0
19075,2,4,Iowa,Grundy County,4,12314,12240,74,12263,12191,72,18,16,2,18,17,1,57,55,2,1,1,0
19077,2,4,Iowa,Guthrie County,4,11285,11157,128,11245,11119,126,24,23,1,30,28,2,32,32,0,3,3,0
19079,2,4,Iowa,Hamilton County,4,16261,16008,253,15924,15687,237,67,67,0,56,36,20,275,275,0,0,0,0
19081,2,4,Iowa,Hancock County,4,11946,11627,319,11879,11568,311,19,14,5,14,12,2,56,52,4,1,0,1
19083,2,4,Iowa,Hardin County,4,18626,18159,467,18404,17952,452,130,123,7,44,42,2,71,69,2,11,6,5
19085,2,4,Iowa,Harrison County,4,15696,15577,119,15617,15501,116,33,32,1,92,90,2,39,36,3,3,2,1
19087,2,4,Iowa,Henry County,4,20346,20081,265,19538,19297,241,361,351,10,115,109,6,496,486,10,2,1,1
19089,2,4,Iowa,Howard County,4,9891,9835,56,9841,9785,56,25,25,0,17,17,0,34,34,0,0,0,0
19091,2,4,Iowa,Humboldt County,4,10316,10197,119,10257,10147,110,23,11,12,10,10,0,37,37,0,9,9,0
19093,2,4,Iowa,Ida County,4,7691,7651,40,7655,7616,39,14,14,0,6,4,2,33,33,0,1,1,0
19095,2,4,Iowa,Iowa County,4,15819,15650,169,15723,15560,163,38,36,2,27,22,5,51,50,1,1,0,1
19097,2,4,Iowa,Jackson County,4,20335,20211,124,20222,20103,119,50,47,3,56,53,3,35,35,0,44,41,3
19099,2,4,Iowa,Jasper County,4,37433,37033,400,36812,36446,366,350,343,7,197,187,10,219,213,6,38,23,15
19101,2,4,Iowa,Jefferson County,4,16109,15823,286,15642,15367,275,134,128,6,64,58,6,360,359,1,2,1,1
19103,2,4,Iowa,Johnson County,4,113134,110194,2940,103671,100962,2709,4161,3972,189,682,612,70,5967,5933,34,153,152,1
19105,2,4,Iowa,Jones County,4,20185,19963,222,19651,19447,204,435,422,13,119,114,5,59,59,0,1,1,0
19107,2,4,Iowa,Keokuk County,4,11382,11318,64,11324,11263,61,13,13,0,27,21,6,36,35,1,3,3,0
19109,2,4,Iowa,Kossuth County,4,16812,16697,115,16676,16565,111,41,41,0,29,25,4,96,95,1,1,1,0
19111,2,4,Iowa,Lee County,4,37491,36636,855,36137,35320,817,1227,1191,36,241,233,8,223,222,1,18,14,4
19113,2,4,Iowa,Linn County,4,193833,191081,2752,184942,182368,2574,6715,6580,135,1146,1070,76,3592,3562,30,194,190,4
19115,2,4,Iowa,Louisa County,4,12214,10620,1594,12104,10541,1563,58,44,14,45,45,0,23,20,3,23,5,18
19117,2,4,Iowa,Lucas County,4,9444,9363,81,9390,9309,81,17,17,0,21,21,0,31,31,0,0,0,0
19119,2,4,Iowa,Lyon County,4,11664,11617,47,11588,11545,43,19,18,1,37,33,4,44,41,3,2,0,2
19121,2,4,Iowa,Madison County,4,14190,14076,114,14100,13994,106,25,23,2,86,74,12,43,43,0,3,3,0
19123,2,4,Iowa,Mahaska County,4,22380,22165,215,21906,21698,208,236,233,3,117,113,4,282,281,1,0,0,0
19125,2,4,Iowa,Marion County,4,32581,32296,285,31969,31699,270,212,203,9,163,156,7,414,410,4,4,2,2
19127,2,4,Iowa,Marshall County,4,39335,35566,3769,38349,34691,3658,547,480,67,294,241,53,437,417,20,26,15,11
19129,2,4,Iowa,Mills County,4,14580,14393,187,14455,14270,185,45,45,0,103,98,5,59,59,0,0,0,0
19131,2,4,Iowa,Mitchell County,4,10845,10780,65,10794,10736,58,20,20,0,15,9,6,20,19,1,2,0,2
19133,2,4,Iowa,Monona County,4,9861,9794,67,9759,9694,65,22,21,1,94,92,2,17,17,0,1,1,0
19135,2,4,Iowa,Monroe County,4,7919,7881,38,7834,7801,33,26,24,2,34,30,4,42,42,0,0,0,0
19137,2,4,Iowa,Montgomery County,4,11534,11367,167,11450,11286,164,17,17,0,54,51,3,35,35,0,0,0,0
19139,2,4,Iowa,Muscatine County,4,41916,36866,5050,41010,36077,4933,409,361,48,329,240,89,460,439,21,7,7,0
19141,2,4,Iowa,O'Brien County,4,14914,14615,299,14720,14440,280,65,57,8,40,34,6,110,104,6,3,3,0
19143,2,4,Iowa,Osceola County,4,6947,6817,130,6896,6766,130,16,16,0,26,26,0,18,18,0,1,1,0
19145,2,4,Iowa,Page County,4,16888,16612,276,16364,16101,263,336,328,8,127,121,6,120,120,0,4,4,0
19147,2,4,Iowa,Palo Alto County,4,10043,9971,72,9982,9912,70,12,12,0,37,33,4,37,37,0,2,2,0
19149,2,4,Iowa,Plymouth County,4,24854,24467,387,24660,24284,376,119,111,8,66,63,3,108,106,2,13,10,3
19151,2,4,Iowa,Pocahontas County,4,8514,8428,86,8457,8374,83,27,27,0,19,18,1,21,19,2,11,7,4
19153,2,4,Iowa,Polk County,4,380075,362713,17362,348368,331882,16486,21100,20435,665,2663,2284,379,12577,12311,266,736,669,67
19155,2,4,Iowa,Pottawattamie County,4,87773,84758,3015,86128,83218,2910,966,927,39,726,635,91,677,661,16,83,71,12
19157,2,4,Iowa,Poweshiek County,4,18941,18680,261,18533,18290,243,140,132,8,90,71,19,282,279,3,17,17,0
19159,2,4,Iowa,Ringgold County,4,5423,5410,13,5394,5381,13,8,8,0,16,16,0,9,9,0,0,0,0
19161,2,4,Iowa,Sac County,4,11371,11258,113,11299,11187,112,60,59,1,19,19,0,34,34,0,1,1,0
19163,2,4,Iowa,Scott County,4,158797,152438,6359,145458,139518,5940,11285,10897,388,1431,1240,191,3244,3198,46,145,139,6
19165,2,4,Iowa,Shelby County,4,13022,12929,93,12925,12837,88,23,23,0,59,52,7,48,48,0,0,0,0
19167,2,4,Iowa,Sioux County,4,31905,31017,888,31531,30684,847,127,115,12,94,77,17,239,223,16,13,6,7
19169,2,4,Iowa,Story County,4,80356,79085,1271,74108,72926,1182,1733,1675,58,364,337,27,4803,4787,16,80,79,1
19171,2,4,Iowa,Tama County,4,18008,17341,667,16745,16172,573,96,79,17,1299,1215,84,52,52,0,5,5,0
19173,2,4,Iowa,Taylor County,4,6877,6651,226,6843,6619,224,2,2,0,14,14,0,25,25,0,3,1,2
19175,2,4,Iowa,Union County,4,12241,12101,140,12148,12016,132,43,38,5,46,41,5,38,38,0,0,0,0
19177,2,4,Iowa,Van Buren County,4,7734,7670,64,7691,7634,57,13,13,0,37,35,2,25,23,2,6,1,5
19179,2,4,Iowa,Wapello County,4,36019,34864,1155,35281,34163,1118,411,399,12,220,193,27,324,319,5,4,2,2
19181,2,4,Iowa,Warren County,4,41080,40643,437,40705,40290,415,192,190,2,204,190,14,244,237,7,11,6,5
19183,2,4,Iowa,Washington County,4,21052,20465,587,20845,20281,564,128,122,6,92,79,13,70,67,3,5,0,5
19185,2,4,Iowa,Wayne County,4,6651,6594,57,6617,6571,46,9,8,1,16,13,3,11,8,3,22,12,10
19187,2,4,Iowa,Webster County,4,40118,39161,957,38253,37377,876,1575,1521,54,277,241,36,360,358,2,5,5,0
19189,2,4,Iowa,Winnebago County,4,11587,11380,207,11437,11232,205,37,37,0,29,29,0,124,122,2,0,0,0
19191,2,4,Iowa,Winneshiek County,4,21394,21216,178,21055,20888,167,155,147,8,46,41,5,206,205,1,4,4,0
19193,2,4,Iowa,Woodbury County,4,103487,94036,9451,96508,87598,8910,2920,2687,233,2693,2223,470,3022,2947,75,91,86,5
19195,2,4,Iowa,Worth County,4,7831,7700,131,7787,7658,129,35,32,3,34,33,1,19,19,0,0,0,0
19197,2,4,Iowa,Wright County,4,14149,13418,731,14046,13331,715,53,46,7,34,29,5,53,48,5,0,0,0
19001,2,4,Iowa,Adair County,5,8012,7958,54,7979,7926,53,6,6,0,12,12,0,28,27,1,0,0,0
19003,2,4,Iowa,Adams County,5,4386,4364,22,4354,4332,22,1,1,0,22,22,0,9,9,0,0,0,0
19005,2,4,Iowa,Allamakee County,5,14445,13750,695,14343,13663,680,26,25,1,45,29,16,81,81,0,1,0,1
19007,2,4,Iowa,Appanoose County,5,13439,13310,129,13306,13182,124,78,74,4,76,71,5,55,55,0,1,1,0
19009,2,4,Iowa,Audubon County,5,6586,6553,33,6558,6525,33,19,18,1,15,15,0,14,14,0,0,0,0
19011,2,4,Iowa,Benton County,5,26088,25901,187,25914,25731,183,129,124,5,100,98,2,73,73,0,5,3,2
19013,2,4,Iowa,Black Hawk County,5,126533,124197,2336,114295,112119,2176,11074,10939,135,623,590,33,1834,1816,18,202,195,7
19015,2,4,Iowa,Boone County,5,26114,25915,199,25870,25701,169,135,110,25,89,78,11,78,76,2,0,0,0
19017,2,4,Iowa,Bremer County,5,23303,23173,130,23003,22882,121,159,157,2,29,26,3,208,202,6,0,0,0
19019,2,4,Iowa,Buchanan County,5,20844,20680,164,20641,20483,158,79,76,3,93,88,5,107,107,0,0,0,0
19021,2,4,Iowa,Buena Vista County,5,20275,17272,3003,19100,16188,2912,156,98,58,53,24,29,1060,1032,28,5,4,1
19023,2,4,Iowa,Butler County,5,14996,14906,90,14945,14855,90,29,29,0,42,40,2,42,42,0,1,1,0
19025,2,4,Iowa,Calhoun County,5,10813,10696,117,10669,10557,112,95,93,2,45,43,2,25,22,3,0,0,0
19027,2,4,Iowa,Carroll County,5,21140,21006,134,20986,20860,126,62,60,2,28,23,5,99,98,1,0,0,0
19029,2,4,Iowa,Cass County,5,14329,14220,109,14244,14135,109,50,50,0,41,41,0,29,29,0,5,5,0
19031,2,4,Iowa,Cedar County,5,18162,17963,199,18020,17830,190,54,54,0,56,49,7,88,85,3,7,4,3
19033,2,4,Iowa,Cerro Gordo County,5,45304,44086,1218,44459,43284,1175,565,541,24,184,158,26,466,458,8,6,5,1
19035,2,4,Iowa,Cherokee County,5,12685,12531,154,12540,12387,153,55,55,0,30,28,2,85,84,1,3,3,0
19037,2,4,Iowa,Chickasaw County,5,12869,12772,97,12814,12718,96,30,30,0,39,37,2,51,50,1,3,3,0
19039,2,4,Iowa,Clarke County,5,9174,8710,464,9072,8611,461,13,13,0,48,45,3,61,60,1,1,1,0
19041,2,4,Iowa,Clay County,5,17098,16865,233,16899,16667,232,60,59,1,47,46,1,161,161,0,1,1,0
19043,2,4,Iowa,Clayton County,5,18404,18249,155,18311,18169,142,44,43,1,57,44,13,29,29,0,0,0,0
19045,2,4,Iowa,Clinton County,5,49822,49187,635,48273,47695,578,1294,1272,22,362,319,43,404,389,15,0,0,0
19047,2,4,Iowa,Crawford County,5,16974,15093,1881,16657,14835,1822,167,147,20,93,49,44,96,92,4,0,0,0
19049,2,4,Iowa,Dallas County,5,44279,41833,2446,43163,40831,2332,461,407,54,213,179,34,665,640,25,109,82,27
19051,2,4,Iowa,Davis County,5,8617,8546,71,8566,8501,65,25,21,4,52,50,2,22,22,0,4,1,3
19053,2,4,Iowa,Decatur County,5,8664,8473,191,8469,8299,170,103,95,8,53,44,9,105,94,11,50,37,13
19055,2,4,Iowa,Delaware County,5,18303,18166,137,18246,18112,134,21,18,3,37,33,4,31,31,0,0,0,0
19057,2,4,Iowa,Des Moines County,5,41439,40683,756,39532,38841,691,1771,1731,40,230,212,18,320,308,12,21,13,8
19059,2,4,Iowa,Dickinson County,5,16428,16313,115,16319,16214,105,85,69,16,43,43,0,34,33,1,0,0,0
19061,2,4,Iowa,Dubuque County,5,89475,88428,1047,87679,86710,969,1215,1156,59,358,331,27,772,764,8,126,112,14
19063,2,4,Iowa,Emmet County,5,10817,10360,457,10700,10262,438,40,38,2,50,32,18,42,42,0,0,0,0
19065,2,4,Iowa,Fayette County,5,21550,21209,341,21253,20934,319,190,174,16,86,80,6,112,106,6,11,7,4
19067,2,4,Iowa,Floyd County,5,16611,16373,238,16448,16220,228,53,47,6,39,35,4,103,103,0,25,20,5
19069,2,4,Iowa,Franklin County,5,10690,9915,775,10612,9878,734,32,28,4,28,5,23,33,19,14,8,0,8
19071,2,4,Iowa,Fremont County,5,7844,7661,183,7802,7622,180,4,4,0,30,30,0,25,22,3,0,0,0
19073,2,4,Iowa,Greene County,5,10194,10025,169,10113,9956,157,27,22,5,37,21,16,49,48,1,0,0,0
19075,2,4,Iowa,Grundy County,5,12349,12274,75,12294,12221,73,21,19,2,23,21,2,58,56,2,1,0,1
19077,2,4,Iowa,Guthrie County,5,11313,11153,160,11275,11116,159,27,25,2,32,31,1,32,32,0,1,1,0
19079,2,4,Iowa,Hamilton County,5,16297,16020,277,15934,15673,261,85,85,0,58,37,21,281,281,0,0,0,0
19081,2,4,Iowa,Hancock County,5,11854,11515,339,11780,11451,329,19,14,5,19,17,2,62,59,3,3,0,3
19083,2,4,Iowa,Hardin County,5,18441,17994,447,18216,17784,432,129,123,6,35,33,2,77,74,3,15,10,5
19085,2,4,Iowa,Harrison County,5,15579,15454,125,15501,15379,122,27,27,0,92,91,1,35,34,1,2,1,1
19087,2,4,Iowa,Henry County,5,20091,19856,235,19243,19027,216,349,340,9,112,109,3,559,552,7,4,3,1
19089,2,4,Iowa,Howard County,5,9835,9783,52,9782,9730,52,23,23,0,19,19,0,38,38,0,0,0,0
19091,2,4,Iowa,Humboldt County,5,10117,9987,130,10052,9936,116,29,11,18,10,10,0,40,40,0,7,7,0
19093,2,4,Iowa,Ida County,5,7610,7566,44,7573,7531,42,14,14,0,6,3,3,34,34,0,0,0,0
19095,2,4,Iowa,Iowa County,5,15806,15625,181,15705,15530,175,37,35,2,25,19,6,58,57,1,1,1,0
19097,2,4,Iowa,Jackson County,5,20251,20121,130,20131,20008,123,63,56,7,63,57,6,35,35,0,41,39,2
19099,2,4,Iowa,Jasper County,5,37572,37167,405,36913,36543,370,378,369,9,187,178,9,245,237,8,37,23,14
19101,2,4,Iowa,Jefferson County,5,15944,15674,270,15451,15192,259,154,147,7,58,54,4,371,370,1,2,1,1
19103,2,4,Iowa,Johnson County,5,114357,111442,2915,104369,101686,2683,4307,4117,190,657,596,61,6400,6365,35,160,159,1
19105,2,4,Iowa,Jones County,5,20281,20054,227,19743,19534,209,429,416,13,120,115,5,70,70,0,1,0,1
19107,2,4,Iowa,Keokuk County,5,11401,11330,71,11341,11275,66,19,16,3,25,20,5,38,37,1,4,4,0
19109,2,4,Iowa,Kossuth County,5,16589,16473,116,16469,16357,112,43,43,0,26,23,3,81,80,1,0,0,0
19111,2,4,Iowa,Lee County,5,36999,36157,842,35628,34827,801,1203,1162,41,284,274,10,258,256,2,23,21,2
19113,2,4,Iowa,Linn County,5,195179,192341,2838,185928,183274,2654,6995,6843,152,1175,1097,78,3757,3723,34,203,192,11
19115,2,4,Iowa,Louisa County,5,12212,10631,1581,12087,10536,1551,73,58,15,43,43,0,28,22,6,22,6,16
19117,2,4,Iowa,Lucas County,5,9440,9352,88,9385,9298,87,18,18,0,20,20,0,31,30,1,0,0,0
19119,2,4,Iowa,Lyon County,5,11673,11621,52,11593,11544,49,21,20,1,35,32,3,48,45,3,5,2,3
19121,2,4,Iowa,Madison County,5,14382,14256,126,14295,14178,117,25,23,2,89,74,15,43,42,1,2,2,0
19123,2,4,Iowa,Mahaska County,5,22368,22131,237,21884,21656,228,257,254,3,120,113,7,273,269,4,0,0,0
19125,2,4,Iowa,Marion County,5,32563,32271,292,31931,31654,277,220,211,9,174,168,6,421,417,4,4,2,2
19127,2,4,Iowa,Marshall County,5,39238,35305,3933,38205,34392,3813,564,492,72,312,259,53,461,442,19,36,21,15
19129,2,4,Iowa,Mills County,5,14737,14541,196,14607,14414,193,46,46,0,108,103,5,60,60,0,0,0,0
19131,2,4,Iowa,Mitchell County,5,10884,10819,65,10833,10775,58,19,19,0,11,7,4,23,21,2,2,0,2
19133,2,4,Iowa,Monona County,5,9761,9688,73,9660,9589,71,27,25,2,86,84,2,17,17,0,3,3,0
19135,2,4,Iowa,Monroe County,5,7806,7768,38,7720,7688,32,24,22,2,36,32,4,39,39,0,0,0,0
19137,2,4,Iowa,Montgomery County,5,11362,11169,193,11274,11086,188,17,17,0,59,53,6,36,36,0,0,0,0
19139,2,4,Iowa,Muscatine County,5,42098,36983,5115,41193,36194,4999,397,347,50,319,235,84,478,456,22,13,7,6
19141,2,4,Iowa,O'Brien County,5,14749,14432,317,14552,14254,298,64,56,8,36,30,6,112,107,5,2,2,0
19143,2,4,Iowa,Osceola County,5,6850,6702,148,6791,6646,145,19,19,0,29,27,2,20,19,1,1,1,0
19145,2,4,Iowa,Page County,5,16476,16226,250,15959,15722,237,325,317,8,127,121,6,129,129,0,4,4,0
19147,2,4,Iowa,Palo Alto County,5,9888,9813,75,9824,9752,72,12,12,0,40,35,5,40,40,0,1,1,0
19149,2,4,Iowa,Plymouth County,5,24632,24235,397,24403,24019,384,128,118,10,87,82,5,121,118,3,18,16,2
19151,2,4,Iowa,Pocahontas County,5,8375,8273,102,8323,8222,101,28,28,0,18,17,1,18,18,0,7,6,1
19153,2,4,Iowa,Polk County,5,384631,366327,18304,351785,334392,17393,21466,20758,708,2755,2361,394,13455,13190,265,740,675,65
19155,2,4,Iowa,Pottawattamie County,5,88142,85065,3077,86369,83419,2950,1008,960,48,757,656,101,762,742,20,100,83,17
19157,2,4,Iowa,Poweshiek County,5,18977,18723,254,18560,18325,235,160,154,6,88,69,19,282,280,2,16,16,0
19159,2,4,Iowa,Ringgold County,5,5329,5315,14,5301,5287,14,8,8,0,15,15,0,9,9,0,0,0,0
19161,2,4,Iowa,Sac County,5,11070,10957,113,10997,10885,112,63,61,2,19,19,0,34,34,0,2,2,0
19163,2,4,Iowa,Scott County,5,159075,152677,6398,145312,139350,5962,11570,11154,416,1416,1231,185,3486,3447,39,143,135,8
19165,2,4,Iowa,Shelby County,5,12814,12721,93,12714,12626,88,24,24,0,58,52,6,52,52,0,0,0,0
19167,2,4,Iowa,Sioux County,5,32075,31124,951,31682,30774,908,134,123,11,101,84,17,244,230,14,17,7,10
19169,2,4,Iowa,Story County,5,82084,80747,1337,75409,74171,1238,1864,1797,67,390,356,34,5124,5100,24,85,83,2
19171,2,4,Iowa,Tama County,5,17900,17221,679,16601,16016,585,89,76,13,1327,1242,85,59,59,0,2,2,0
19173,2,4,Iowa,Taylor County,5,6847,6582,265,6814,6550,264,2,2,0,13,13,0,25,25,0,2,1,1
19175,2,4,Iowa,Union County,5,12153,12011,142,12055,11920,135,44,40,4,50,45,5,43,43,0,1,1,0
19177,2,4,Iowa,Van Buren County,5,7775,7703,72,7726,7663,63,16,15,1,34,32,2,25,23,2,10,3,7
19179,2,4,Iowa,Wapello County,5,35905,34413,1492,35130,33699,1431,451,419,32,220,186,34,328,321,7,3,1,2
19181,2,4,Iowa,Warren County,5,41456,41039,417,41067,40669,398,205,202,3,205,192,13,247,240,7,15,11,4
19183,2,4,Iowa,Washington County,5,21150,20532,618,20929,20335,594,135,128,7,95,82,13,79,74,5,8,3,5
19185,2,4,Iowa,Wayne County,5,6635,6571,64,6604,6550,54,10,9,1,13,10,3,12,8,4,20,11,9
19187,2,4,Iowa,Webster County,5,39851,38918,933,37934,37087,847,1593,1533,60,277,240,37,412,410,2,9,7,2
19189,2,4,Iowa,Winnebago County,5,11429,11194,235,11290,11057,233,25,25,0,28,28,0,120,117,3,0,0,0
19191,2,4,Iowa,Winneshiek County,5,21385,21197,188,21026,20852,174,166,157,9,48,41,7,219,216,3,5,4,1
19193,2,4,Iowa,Woodbury County,5,103365,93577,9788,96175,86986,9189,2954,2684,270,2757,2245,512,3200,3117,83,83,76,7
19195,2,4,Iowa,Worth County,5,7800,7665,135,7756,7623,133,36,33,3,32,31,1,16,16,0,1,1,0
19197,2,4,Iowa,Wright County,5,13927,13151,776,13824,13068,756,54,45,9,36,30,6,51,43,8,0,0,0
19001,2,4,Iowa,Adair County,6,7922,7869,53,7889,7837,52,7,7,0,13,13,0,27,26,1,0,0,0
19003,2,4,Iowa,Adams County,6,4371,4349,22,4321,4299,22,1,1,0,23,23,0,26,26,0,0,0,0
19005,2,4,Iowa,Allamakee County,6,14551,13776,775,14437,13678,759,32,29,3,45,28,17,96,96,0,4,2,2
19007,2,4,Iowa,Appanoose County,6,13590,13450,140,13453,13319,134,72,68,4,91,85,6,59,59,0,1,1,0
19009,2,4,Iowa,Audubon County,6,6479,6446,33,6450,6417,33,23,22,1,15,15,0,13,13,0,0,0,0
19011,2,4,Iowa,Benton County,6,26243,26058,185,26042,25863,179,146,142,4,93,92,1,91,90,1,3,1,2
19013,2,4,Iowa,Black Hawk County,6,126418,123900,2518,114031,111685,2346,11246,11095,151,639,599,40,1870,1854,16,198,191,7
19015,2,4,Iowa,Boone County,6,26247,26047,200,25959,25790,169,148,124,24,94,83,11,104,103,1,2,2,0
19017,2,4,Iowa,Bremer County,6,23368,23235,133,23074,22950,124,139,135,4,37,32,5,222,218,4,4,1,3
19019,2,4,Iowa,Buchanan County,6,20903,20749,154,20711,20563,148,76,72,4,100,95,5,104,104,0,0,0,0
19021,2,4,Iowa,Buena Vista County,6,20205,16999,3206,19032,15922,3110,179,103,76,42,23,19,1053,1024,29,7,2,5
19023,2,4,Iowa,Butler County,6,14968,14877,91,14917,14826,91,28,28,0,41,39,2,43,43,0,1,1,0
19025,2,4,Iowa,Calhoun County,6,10653,10539,114,10511,10400,111,97,96,1,41,39,2,26,25,1,2,2,0
19027,2,4,Iowa,Carroll County,6,21086,20927,159,20938,20788,150,65,62,3,26,21,5,88,87,1,0,0,0
19029,2,4,Iowa,Cass County,6,14314,14207,107,14232,14125,107,47,47,0,37,37,0,29,29,0,4,4,0
19031,2,4,Iowa,Cedar County,6,18264,18079,185,18121,17945,176,46,46,0,57,50,7,94,91,3,5,4,1
19033,2,4,Iowa,Cerro Gordo County,6,45118,43887,1231,44229,43044,1185,591,568,23,190,163,27,489,481,8,11,7,4
19035,2,4,Iowa,Cherokee County,6,12541,12376,165,12399,12235,164,52,52,0,28,27,1,80,80,0,2,2,0
19037,2,4,Iowa,Chickasaw County,6,12702,12605,97,12640,12545,95,37,37,0,36,34,2,55,53,2,5,5,0
19039,2,4,Iowa,Clarke County,6,9242,8785,457,9133,8681,452,17,17,0,44,41,3,70,69,1,1,0,1
19041,2,4,Iowa,Clay County,6,17073,16823,250,16864,16615,249,64,64,0,42,42,0,166,165,1,2,2,0
19043,2,4,Iowa,Clayton County,6,18454,18294,160,18357,18212,145,44,42,2,61,46,15,29,29,0,1,1,0
19045,2,4,Iowa,Clinton County,6,49804,49143,661,48253,47653,600,1274,1251,23,378,332,46,423,409,14,2,0,2
19047,2,4,Iowa,Crawford County,6,16930,14822,2108,16591,14548,2043,174,153,21,96,48,48,110,106,4,1,1,0
19049,2,4,Iowa,Dallas County,6,46148,43600,2548,44876,42436,2440,518,464,54,217,184,33,777,753,24,116,99,17
19051,2,4,Iowa,Davis County,6,8557,8487,70,8500,8435,65,26,22,4,60,58,2,20,20,0,4,2,2
19053,2,4,Iowa,Decatur County,6,8706,8538,168,8504,8358,146,100,94,6,59,53,6,104,95,9,54,41,13
19055,2,4,Iowa,Delaware County,6,18140,17995,145,18085,17943,142,19,17,2,36,32,4,31,31,0,0,0,0
19057,2,4,Iowa,Des Moines County,6,41247,40471,776,39302,38590,712,1785,1744,41,243,226,17,354,342,12,24,14,10
19059,2,4,Iowa,Dickinson County,6,16399,16279,120,16290,16179,111,82,66,16,41,41,0,37,36,1,0,0,0
19061,2,4,Iowa,Dubuque County,6,90049,88932,1117,88127,87094,1033,1291,1224,67,349,324,25,838,828,10,147,133,14
19063,2,4,Iowa,Emmet County,6,10805,10326,479,10688,10227,461,41,39,2,49,31,18,46,46,0,0,0,0
19065,2,4,Iowa,Fayette County,6,21408,21088,320,21089,20787,302,216,206,10,78,71,7,115,109,6,9,5,4
19067,2,4,Iowa,Floyd County,6,16608,16367,241,16441,16212,229,53,47,6,39,36,3,105,104,1,28,23,5
19069,2,4,Iowa,Franklin County,6,10693,9840,853,10604,9796,808,38,35,3,31,5,26,37,20,17,11,1,10
19071,2,4,Iowa,Fremont County,6,7862,7673,189,7820,7634,186,4,4,0,27,27,0,26,23,3,0,0,0
19073,2,4,Iowa,Greene County,6,10047,9894,153,9967,9828,139,39,32,7,37,22,15,45,44,1,1,0,1
19075,2,4,Iowa,Grundy County,6,12341,12265,76,12281,12207,74,26,24,2,25,24,1,61,57,4,1,0,1
19077,2,4,Iowa,Guthrie County,6,11500,11336,164,11464,11301,163,22,21,1,34,33,1,31,31,0,0,0,0
19079,2,4,Iowa,Hamilton County,6,16316,16037,279,15934,15670,264,89,89,0,53,32,21,309,309,0,0,0,0
19081,2,4,Iowa,Hancock County,6,11945,11603,342,11836,11506,330,18,13,5,15,14,1,109,103,6,3,0,3
19083,2,4,Iowa,Hardin County,6,18297,17800,497,18040,17561,479,133,124,9,43,41,2,97,93,4,15,10,5
19085,2,4,Iowa,Harrison County,6,15667,15541,126,15579,15457,122,31,30,1,98,96,2,37,34,3,2,1,1
19087,2,4,Iowa,Henry County,6,20023,19761,262,19169,18926,243,368,359,9,107,104,3,556,549,7,4,3,1
19089,2,4,Iowa,Howard County,6,9784,9729,55,9732,9677,55,25,25,0,20,20,0,34,34,0,0,0,0
19091,2,4,Iowa,Humboldt County,6,10090,9941,149,10010,9881,129,37,10,27,14,14,0,46,46,0,8,8,0
19093,2,4,Iowa,Ida County,6,7512,7467,45,7475,7432,43,14,14,0,8,4,4,32,32,0,0,0,0
19095,2,4,Iowa,Iowa County,6,15920,15748,172,15811,15645,166,43,41,2,25,20,5,60,59,1,2,2,0
19097,2,4,Iowa,Jackson County,6,20221,20094,127,20105,19986,119,56,52,4,54,48,6,37,37,0,43,39,4
19099,2,4,Iowa,Jasper County,6,37708,37281,427,36999,36607,392,376,367,9,198,186,12,294,283,11,54,38,16
19101,2,4,Iowa,Jefferson County,6,16022,15721,301,15508,15218,290,168,162,6,64,59,5,374,373,1,3,2,1
19103,2,4,Iowa,Johnson County,6,115548,112576,2972,104916,102184,2732,4503,4305,198,657,601,56,6905,6864,41,169,166,3
19105,2,4,Iowa,Jones County,6,20299,20071,228,19748,19538,210,443,430,13,125,120,5,71,71,0,1,1,0
19107,2,4,Iowa,Keokuk County,6,11352,11274,78,11284,11215,69,27,16,11,24,18,6,40,38,2,2,2,0
19109,2,4,Iowa,Kossuth County,6,16443,16335,108,16307,16203,104,39,39,0,30,27,3,97,96,1,2,1,1
19111,2,4,Iowa,Lee County,6,36714,35885,829,35342,34551,791,1214,1172,42,275,267,8,261,260,1,23,23,0
19113,2,4,Iowa,Linn County,6,196202,193275,2927,186768,184039,2729,7148,6987,161,1213,1128,85,3841,3806,35,209,198,11
19115,2,4,Iowa,Louisa County,6,12201,10539,1662,12073,10445,1628,64,51,13,42,42,0,29,26,3,28,7,21
19117,2,4,Iowa,Lucas County,6,9501,9419,82,9445,9364,81,17,17,0,22,22,0,31,30,1,0,0,0
19119,2,4,Iowa,Lyon County,6,11746,11691,55,11652,11604,48,25,25,0,37,34,3,54,51,3,4,1,3
19121,2,4,Iowa,Madison County,6,14510,14387,123,14419,14306,113,23,21,2,89,75,14,43,43,0,1,1,0
19123,2,4,Iowa,Mahaska County,6,22303,22062,241,21790,21558,232,257,254,3,122,118,4,312,309,3,0,0,0
19125,2,4,Iowa,Marion County,6,32425,32119,306,31792,31502,290,225,215,10,180,173,7,417,413,4,5,1,4
19127,2,4,Iowa,Marshall County,6,39103,34925,4178,38060,34005,4055,565,492,73,319,263,56,464,443,21,36,21,15
19129,2,4,Iowa,Mills County,6,14909,14695,214,14777,14566,211,49,49,0,111,102,9,60,60,0,0,0,0
19131,2,4,Iowa,Mitchell County,6,10946,10881,65,10886,10828,58,21,21,0,13,9,4,28,26,2,2,0,2
19133,2,4,Iowa,Monona County,6,9746,9679,67,9630,9565,65,26,25,1,104,102,2,19,19,0,2,2,0
19135,2,4,Iowa,Monroe County,6,7796,7751,45,7709,7669,40,30,29,1,33,29,4,41,41,0,0,0,0
19137,2,4,Iowa,Montgomery County,6,11289,11070,219,11200,10986,214,17,17,0,57,52,5,37,37,0,0,0,0
19139,2,4,Iowa,Muscatine County,6,42093,36837,5256,41167,36029,5138,420,371,49,323,237,86,471,450,21,15,12,3
19141,2,4,Iowa,O'Brien County,6,14627,14325,302,14441,14158,283,51,43,8,40,32,8,113,108,5,2,1,1
19143,2,4,Iowa,Osceola County,6,6819,6670,149,6756,6613,143,24,24,0,31,26,5,19,18,1,0,0,0
19145,2,4,Iowa,Page County,6,16346,16090,256,15820,15577,243,327,319,8,128,122,6,135,135,0,3,3,0
19147,2,4,Iowa,Palo Alto County,6,9705,9627,78,9644,9568,76,13,13,0,40,36,4,38,38,0,0,0,0
19149,2,4,Iowa,Plymouth County,6,24719,24301,418,24458,24055,403,140,130,10,96,88,8,125,124,1,24,22,2
19151,2,4,Iowa,Pocahontas County,6,8251,8161,90,8195,8108,87,28,28,0,18,17,1,20,19,1,7,4,3
19153,2,4,Iowa,Polk County,6,388606,369310,19296,354739,336375,18364,21961,21218,743,2758,2357,401,14124,13865,259,761,695,66
19155,2,4,Iowa,Pottawattamie County,6,88477,85383,3094,86651,83699,2952,1046,986,60,766,652,114,775,756,19,93,87,6
19157,2,4,Iowa,Poweshiek County,6,19033,18771,262,18595,18351,244,159,153,6,78,63,15,303,301,2,19,19,0
19159,2,4,Iowa,Ringgold County,6,5421,5398,23,5393,5370,23,7,7,0,17,17,0,10,10,0,0,0,0
19161,2,4,Iowa,Sac County,6,10872,10761,111,10793,10683,110,63,61,2,20,20,0,41,41,0,2,2,0
19163,2,4,Iowa,Scott County,6,159414,152935,6479,145474,139445,6029,11664,11226,438,1436,1264,172,3636,3587,49,146,142,4
19165,2,4,Iowa,Shelby County,6,12717,12624,93,12611,12523,88,28,28,0,58,52,6,50,50,0,0,0,0
19167,2,4,Iowa,Sioux County,6,32104,31050,1054,31689,30677,1012,151,139,12,101,83,18,260,247,13,18,8,10
19169,2,4,Iowa,Story County,6,83021,81703,1318,76031,74821,1210,1824,1750,74,386,350,36,5496,5470,26,88,87,1
19171,2,4,Iowa,Tama County,6,17876,17183,693,16567,15965,602,93,81,12,1326,1243,83,69,69,0,3,3,0
19173,2,4,Iowa,Taylor County,6,6793,6518,275,6761,6488,273,2,2,0,13,13,0,25,23,2,2,1,1
19175,2,4,Iowa,Union County,6,11932,11802,130,11838,11715,123,41,37,4,51,46,5,41,41,0,1,1,0
19177,2,4,Iowa,Van Buren County,6,7777,7707,70,7734,7673,61,14,14,0,37,34,3,24,21,3,5,0,5
19179,2,4,Iowa,Wapello County,6,35885,34217,1668,35046,33460,1586,495,441,54,193,163,30,381,370,11,3,2,1
19181,2,4,Iowa,Warren County,6,41997,41552,445,41583,41163,420,218,217,1,218,197,21,254,247,7,13,7,6
19183,2,4,Iowa,Washington County,6,21314,20677,637,21105,20489,616,119,110,9,100,84,16,81,78,3,8,2,6
19185,2,4,Iowa,Wayne County,6,6669,6610,59,6638,6587,51,14,12,2,15,11,4,16,13,3,13,8,5
19187,2,4,Iowa,Webster County,6,39590,38602,988,37693,36796,897,1587,1522,65,289,256,33,405,403,2,6,5,1
19189,2,4,Iowa,Winnebago County,6,11445,11178,267,11308,11043,265,29,29,0,28,28,0,111,109,2,0,0,0
19191,2,4,Iowa,Winneshiek County,6,21307,21113,194,20940,20759,181,161,153,8,46,40,6,224,222,2,3,3,0
19193,2,4,Iowa,Woodbury County,6,103220,93262,9958,95814,86494,9320,3072,2787,285,2870,2335,535,3240,3154,86,77,68,9
19195,2,4,Iowa,Worth County,6,7773,7632,141,7730,7590,140,35,33,2,38,37,1,17,17,0,0,0,0
19197,2,4,Iowa,Wright County,6,13765,12902,863,13669,12829,840,59,49,10,42,30,12,39,31,8,1,0,1
