stcty,reg,div,stname,ctyname,time,popestimate,popest_nonhisp,popest_hisp,whiteac_tot,whiteac_nonhisp,whiteac_hisp,blackac_tot,blackac_nonhisp,blackac_hisp,aianac_tot,aianac_nonhisp,aianac_hisp,asiaac_tot,asiaac_nonhisp,asiaac_hisp,nhpiac_tot,nhpiac_nonhisp,nhpiac_hisp
39001,2,3,Ohio,Adams County,1,27330,27155,175,27035,26877,158,82,79,3,426,400,26,58,55,3,10,10,0
39003,2,3,Ohio,Allen County,1,108473,106928,1545,94160,92790,1370,14235,14080,155,707,660,47,794,768,26,24,22,2
39005,2,3,Ohio,Ashland County,1,52523,52184,339,51720,51397,323,530,515,15,248,228,20,351,343,8,34,34,0
39007,2,3,Ohio,Ashtabula County,1,102728,100436,2292,98792,96675,2117,3843,3687,156,671,636,35,494,479,15,61,52,9
39009,2,3,Ohio,Athens County,1,62223,61584,639,59240,58663,577,1800,1766,34,611,574,37,1397,1389,8,38,31,7
39011,2,3,Ohio,Auglaize County,1,46611,46301,310,46200,45911,289,221,212,9,265,251,14,243,242,1,22,16,6
39013,2,3,Ohio,Belmont County,1,70226,69952,274,67279,67034,245,2840,2818,22,300,282,18,307,297,10,27,21,6
39015,2,3,Ohio,Brown County,1,42285,42100,185,41745,41581,164,457,444,13,227,212,15,83,79,4,6,6,0
39017,2,3,Ohio,Butler County,1,332807,328036,4771,308757,304383,4374,19133,18860,273,2012,1866,146,5983,5914,69,250,202,48
39019,2,3,Ohio,Carroll County,1,28836,28678,158,28533,28387,146,201,196,5,213,206,7,54,54,0,9,9,0
39021,2,3,Ohio,Champaign County,1,38890,38621,269,37727,37472,255,1123,1116,7,293,280,13,137,135,2,17,14,3
39023,2,3,Ohio,Clark County,1,144742,143043,1699,130290,128791,1499,14123,13966,157,1349,1243,106,1068,1049,19,101,94,7
39025,2,3,Ohio,Clermont County,1,177977,176430,1547,174728,173261,1467,2044,2012,32,1022,965,57,1468,1444,24,69,59,10
39027,2,3,Ohio,Clinton County,1,40543,40277,266,39383,39136,247,1051,1045,6,265,246,19,221,220,1,7,6,1
39029,2,3,Ohio,Columbiana County,1,112075,110766,1309,109047,107854,1193,2824,2762,62,562,517,45,371,349,22,51,46,5
39031,2,3,Ohio,Coshocton County,1,36655,36439,216,36056,35854,202,525,520,5,212,201,11,146,146,0,16,14,2
39033,2,3,Ohio,Crawford County,1,46966,46605,361,46417,46071,346,364,350,14,254,246,8,184,181,3,20,20,0
39035,2,3,Ohio,Cuyahoga County,1,1393978,1346900,47078,975276,935552,39724,396099,389072,7027,8359,7474,885,29734,29180,554,1077,815,262
39037,2,3,Ohio,Darke County,1,53309,52852,457,52858,52414,444,347,342,5,262,243,19,190,188,2,26,24,2
39039,2,3,Ohio,Defiance County,1,39500,36643,2857,38489,35756,2733,865,765,100,242,191,51,177,167,10,17,4,13
39041,2,3,Ohio,Delaware County,1,109989,108880,1109,105142,104113,1029,3273,3198,75,624,603,21,2016,1992,24,76,70,6
39043,2,3,Ohio,Erie County,1,79551,77887,1664,72030,70510,1520,7628,7511,117,519,451,68,413,398,15,20,18,2
39045,2,3,Ohio,Fairfield County,1,122759,121766,993,118186,117283,903,3704,3645,59,820,759,61,1152,1133,19,71,70,1
39047,2,3,Ohio,Fayette County,1,28433,28081,352,27612,27309,303,767,720,47,181,166,15,182,180,2,17,17,0
39049,2,3,Ohio,Franklin County,1,1068978,1044699,24279,833690,812733,20957,205724,202766,2958,9262,8481,781,37760,37336,424,1216,1071,145
39051,2,3,Ohio,Fulton County,1,42084,39662,2422,41620,39282,2338,202,162,40,262,208,54,224,215,9,35,24,11
39053,2,3,Ohio,Gallia County,1,31069,30878,191,29956,29775,181,980,973,7,321,317,4,138,137,1,2,1,1
39055,2,3,Ohio,Geauga County,1,90895,90357,538,89261,88751,510,1296,1278,18,326,304,22,550,545,5,49,49,0
39057,2,3,Ohio,Greene County,1,147886,146073,1813,134586,132964,1622,10548,10371,177,1282,1210,72,3671,3643,28,123,111,12
39059,2,3,Ohio,Guernsey County,1,40792,40538,254,39884,39646,238,858,847,11,399,389,10,183,180,3,10,10,0
39061,2,3,Ohio,Hamilton County,1,845303,835789,9514,628686,620864,7822,204820,203418,1402,5099,4673,426,15905,15708,197,602,514,88
39063,2,3,Ohio,Hancock County,1,71295,69108,2187,69416,67300,2116,1043,971,72,374,336,38,1024,1010,14,32,32,0
39065,2,3,Ohio,Hardin County,1,31945,31697,248,31489,31257,232,301,295,6,217,202,15,181,177,4,6,2,4
39067,2,3,Ohio,Harrison County,1,15856,15797,59,15472,15417,55,452,446,6,58,55,3,26,25,1,3,2,1
39069,2,3,Ohio,Henry County,1,29210,27634,1576,28814,27289,1525,220,205,15,154,112,42,156,147,9,6,1,5
39071,2,3,Ohio,Highland County,1,40875,40659,216,39991,39798,193,748,729,19,283,266,17,170,168,2,24,23,1
39073,2,3,Ohio,Hocking County,1,28241,28117,124,27869,27751,118,322,317,5,292,287,5,62,62,0,3,3,0
39075,2,3,Ohio,Holmes County,1,38943,38651,292,38762,38483,279,162,156,6,108,105,3,47,43,4,6,6,0
39077,2,3,Ohio,Huron County,1,59487,57370,2117,58601,56540,2061,780,742,38,328,301,27,207,200,7,27,18,9
39079,2,3,Ohio,Jackson County,1,32641,32444,197,32261,32088,173,270,269,1,275,246,29,87,86,1,14,12,2
39081,2,3,Ohio,Jefferson County,1,73894,73435,459,69185,68760,425,4600,4584,16,445,416,29,342,333,9,37,30,7
39083,2,3,Ohio,Knox County,1,54500,54129,371,53809,53463,346,507,491,16,371,357,14,243,239,4,23,20,3
39085,2,3,Ohio,Lake County,1,227511,223632,3879,220416,216754,3662,5394,5244,150,885,819,66,2525,2478,47,109,77,32
39087,2,3,Ohio,Lawrence County,1,62319,61964,355,60766,60430,336,1563,1543,20,359,347,12,160,150,10,25,21,4
39089,2,3,Ohio,Licking County,1,145491,144384,1107,141071,140046,1025,3640,3565,75,1074,1024,50,1149,1126,23,78,70,8
39091,2,3,Ohio,Logan County,1,46005,45673,332,44876,44572,304,1081,1064,17,267,257,10,268,261,7,40,37,3
39093,2,3,Ohio,Lorain County,1,284664,264988,19676,256438,238824,17614,27671,25592,2079,2679,2314,365,2376,2260,116,204,114,90
39095,2,3,Ohio,Lucas County,1,455054,434384,20670,368978,350124,18854,82233,80599,1634,3686,3118,568,6964,6810,154,248,182,66
39097,2,3,Ohio,Madison County,1,40213,39919,294,37385,37114,271,2697,2679,18,222,207,15,245,239,6,23,20,3
39099,2,3,Ohio,Mahoning County,1,257555,249915,7640,213823,207432,6391,43163,41886,1277,1573,1390,183,1653,1591,62,125,100,25
39101,2,3,Ohio,Marion County,1,66217,65494,723,61801,61135,666,4115,4069,46,364,356,8,465,455,10,26,22,4
39103,2,3,Ohio,Medina County,1,151095,149696,1399,148466,147131,1335,1714,1681,33,719,672,47,1229,1213,16,56,47,9
39105,2,3,Ohio,Meigs County,1,23072,22934,138,22817,22683,134,228,227,1,210,205,5,40,40,0,1,1,0
39107,2,3,Ohio,Mercer County,1,40924,40454,470,40644,40198,446,73,70,3,254,220,34,141,133,8,17,15,2
39109,2,3,Ohio,Miami County,1,98868,98147,721,95867,95187,680,2427,2399,28,512,498,14,927,907,20,30,24,6
39111,2,3,Ohio,Monroe County,1,15180,15118,62,15097,15042,55,53,49,4,95,92,3,23,20,3,6,6,0
39113,2,3,Ohio,Montgomery County,1,559062,551966,7096,437362,431300,6062,115690,114741,949,3992,3810,182,9310,9134,176,460,409,51
39115,2,3,Ohio,Morgan County,1,14897,14836,61,14274,14218,56,758,754,4,255,254,1,26,26,0,7,7,0
39117,2,3,Ohio,Morrow County,1,31628,31445,183,31389,31214,175,120,117,3,256,247,9,69,68,1,6,6,0
39119,2,3,Ohio,Muskingum County,1,84585,84149,436,80618,80226,392,4184,4145,39,629,611,18,321,319,2,34,32,2
39121,2,3,Ohio,Noble County,1,14058,13998,60,13063,13007,56,958,954,4,73,72,1,16,15,1,0,0,0
39123,2,3,Ohio,Ottawa County,1,40985,39450,1535,40497,38991,1506,361,327,34,208,194,14,130,124,6,27,27,0
39125,2,3,Ohio,Paulding County,1,20293,19681,612,19979,19397,582,283,247,36,168,153,15,45,35,10,6,4,2
39127,2,3,Ohio,Perry County,1,34078,33926,152,33866,33721,145,122,119,3,241,236,5,60,56,4,28,21,7
39129,2,3,Ohio,Pickaway County,1,52727,52394,333,49019,48709,310,3544,3528,16,443,426,17,177,172,5,32,28,4
39131,2,3,Ohio,Pike County,1,27695,27540,155,27175,27034,141,333,327,6,483,473,10,70,70,0,15,15,0
39133,2,3,Ohio,Portage County,1,152061,150968,1093,145500,144493,1007,5565,5501,64,1002,949,53,1569,1553,16,53,45,8
39135,2,3,Ohio,Preble County,1,42337,42156,181,41980,41814,166,200,198,2,242,232,10,149,146,3,15,9,6
39137,2,3,Ohio,Putnam County,1,34726,33205,1521,34534,33047,1487,99,73,26,116,105,11,85,82,3,7,6,1
39139,2,3,Ohio,Richland County,1,128852,127652,1200,115512,114439,1073,13027,12926,101,897,861,36,878,863,15,84,78,6
39141,2,3,Ohio,Ross County,1,73345,72916,429,68209,67819,390,4983,4960,23,661,623,38,393,385,8,49,48,1
39143,2,3,Ohio,Sandusky County,1,61792,57494,4298,59779,55592,4187,2048,1937,111,275,232,43,270,256,14,20,14,6
39145,2,3,Ohio,Scioto County,1,79195,78718,477,76260,75852,408,2416,2387,29,1174,1122,52,280,278,2,47,39,8
39147,2,3,Ohio,Seneca County,1,58683,56711,1972,57206,55347,1859,1385,1301,84,319,249,70,300,290,10,14,13,1
39149,2,3,Ohio,Shelby County,1,47910,47527,383,46580,46222,358,967,954,13,240,224,16,553,545,8,39,39,0
39151,2,3,Ohio,Stark County,1,378098,374606,3492,347155,344026,3129,30227,29924,303,2809,2674,135,2715,2682,33,144,135,9
39153,2,3,Ohio,Summit County,1,542899,538118,4781,461028,457040,3988,75578,74885,693,3606,3373,233,9023,8913,110,299,264,35
39155,2,3,Ohio,Trumbull County,1,225116,223322,1794,205623,204119,1504,18938,18709,229,1224,1159,65,1328,1278,50,112,98,14
39157,2,3,Ohio,Tuscarawas County,1,90914,90264,650,89796,89184,612,889,871,18,456,432,24,309,306,3,62,53,9
39159,2,3,Ohio,Union County,1,40909,40600,309,39423,39142,281,1274,1255,19,262,250,12,289,281,8,18,13,5
39161,2,3,Ohio,Van Wert County,1,29659,29197,462,29327,28871,456,320,315,5,86,80,6,94,87,7,3,3,0
39163,2,3,Ohio,Vinton County,1,12806,12746,60,12691,12633,58,55,54,1,158,153,5,20,20,0,0,0,0
39165,2,3,Ohio,Warren County,1,158383,156750,1633,151592,150075,1517,4711,4619,92,791,748,43,2397,2369,28,119,105,14
39167,2,3,Ohio,Washington County,1,63251,62927,324,62154,61847,307,810,797,13,444,436,8,378,378,0,56,50,6
39169,2,3,Ohio,Wayne County,1,111564,110727,837,108763,108002,761,2129,2088,41,548,509,39,933,914,19,44,37,7
39171,2,3,Ohio,Williams County,1,39188,38139,1049,38572,37566,1006,357,332,25,228,197,31,247,237,10,11,11,0
39173,2,3,Ohio,Wood County,1,121065,117032,4033,117821,113959,3862,1899,1792,107,747,649,98,1524,1496,28,69,58,11
39175,2,3,Ohio,Wyandot County,1,22908,22574,334,22724,22394,330,56,56,0,73,69,4,153,151,2,2,1,1
39001,2,3,Ohio,Adams County,2,27330,27155,175,27035,26877,158,82,79,3,426,400,26,58,55,3,10,10,0
39003,2,3,Ohio,Allen County,2,108473,106928,1545,94160,92790,1370,14235,14080,155,707,660,47,794,768,26,24,22,2
39005,2,3,Ohio,Ashland County,2,52523,52184,339,51720,51397,323,530,515,15,248,228,20,351,343,8,34,34,0
39007,2,3,Ohio,Ashtabula County,2,102728,100436,2292,98792,96675,2117,3843,3687,156,671,636,35,494,479,15,61,52,9
39009,2,3,Ohio,Athens County,2,62223,61584,639,59240,58663,577,1800,1766,34,611,574,37,1397,1389,8,38,31,7
39011,2,3,Ohio,Auglaize County,2,46611,46301,310,46200,45911,289,221,212,9,265,251,14,243,242,1,22,16,6
39013,2,3,Ohio,Belmont County,2,70226,69952,274,67279,67034,245,2840,2818,22,300,282,18,307,297,10,27,21,6
39015,2,3,Ohio,Brown County,2,42285,42100,185,41745,41581,164,457,444,13,227,212,15,83,79,4,6,6,0
39017,2,3,Ohio,Butler County,2,332705,327936,4769,308655,304283,4372,19133,18860,273,2012,1866,146,5983,5914,69,250,202,48
39019,2,3,Ohio,Carroll County,2,28836,28678,158,28533,28387,146,201,196,5,213,206,7,54,54,0,9,9,0
39021,2,3,Ohio,Champaign County,2,38890,38621,269,37727,37472,255,1123,1116,7,293,280,13,137,135,2,17,14,3
39023,2,3,Ohio,Clark County,2,144741,143042,1699,130289,128790,1499,14123,13966,157,1349,1243,106,1068,1049,19,101,94,7
39025,2,3,Ohio,Clermont County,2,177977,176430,1547,174728,173261,1467,2044,2012,32,1022,965,57,1468,1444,24,69,59,10
39027,2,3,Ohio,Clinton County,2,40543,40277,266,39383,39136,247,1051,1045,6,265,246,19,221,220,1,7,6,1
39029,2,3,Ohio,Columbiana County,2,112075,110766,1309,109047,107854,1193,2824,2762,62,562,517,45,371,349,22,51,46,5
39031,2,3,Ohio,Coshocton County,2,36655,36439,216,36056,35854,202,525,520,5,212,201,11,146,146,0,16,14,2
39033,2,3,Ohio,Crawford County,2,46966,46605,361,46417,46071,346,364,350,14,254,246,8,184,181,3,20,20,0
39035,2,3,Ohio,Cuyahoga County,2,1393845,1346771,47074,975169,935449,39720,396088,389061,7027,8359,7474,885,29716,29162,554,1077,815,262
39037,2,3,Ohio,Darke County,2,53309,52852,457,52858,52414,444,347,342,5,262,243,19,190,188,2,26,24,2
39039,2,3,Ohio,Defiance County,2,39500,36643,2857,38489,35756,2733,865,765,100,242,191,51,177,167,10,17,4,13
39041,2,3,Ohio,Delaware County,2,109989,108880,1109,105142,104113,1029,3273,3198,75,624,603,21,2016,1992,24,76,70,6
39043,2,3,Ohio,Erie County,2,79551,77887,1664,72030,70510,1520,7628,7511,117,519,451,68,413,398,15,20,18,2
39045,2,3,Ohio,Fairfield County,2,122881,121888,993,118308,117405,903,3704,3645,59,820,759,61,1152,1133,19,71,70,1
39047,2,3,Ohio,Fayette County,2,28433,28081,352,27612,27309,303,767,720,47,181,166,15,182,180,2,17,17,0
39049,2,3,Ohio,Franklin County,2,1068869,1044590,24279,833581,812624,20957,205724,202766,2958,9262,8481,781,37760,37336,424,1216,1071,145
39051,2,3,Ohio,Fulton County,2,42084,39662,2422,41620,39282,2338,202,162,40,262,208,54,224,215,9,35,24,11
39053,2,3,Ohio,Gallia County,2,31069,30878,191,29956,29775,181,980,973,7,321,317,4,138,137,1,2,1,1
39055,2,3,Ohio,Geauga County,2,90895,90357,538,89261,88751,510,1296,1278,18,326,304,22,550,545,5,49,49,0
39057,2,3,Ohio,Greene County,2,147886,146073,1813,134586,132964,1622,10548,10371,177,1282,1210,72,3671,3643,28,123,111,12
39059,2,3,Ohio,Guernsey County,2,40792,40538,254,39884,39646,238,858,847,11,399,389,10,183,180,3,10,10,0
39061,2,3,Ohio,Hamilton County,2,845303,835789,9514,628686,620864,7822,204820,203418,1402,5099,4673,426,15905,15708,197,602,514,88
39063,2,3,Ohio,Hancock County,2,71295,69108,2187,69416,67300,2116,1043,971,72,374,336,38,1024,1010,14,32,32,0
39065,2,3,Ohio,Hardin County,2,31945,31697,248,31489,31257,232,301,295,6,217,202,15,181,177,4,6,2,4
39067,2,3,Ohio,Harrison County,2,15856,15797,59,15472,15417,55,452,446,6,58,55,3,26,25,1,3,2,1
39069,2,3,Ohio,Henry County,2,29210,27634,1576,28814,27289,1525,220,205,15,154,112,42,156,147,9,6,1,5
39071,2,3,Ohio,Highland County,2,40875,40659,216,39991,39798,193,748,729,19,283,266,17,170,168,2,24,23,1
39073,2,3,Ohio,Hocking County,2,28241,28117,124,27869,27751,118,322,317,5,292,287,5,62,62,0,3,3,0
39075,2,3,Ohio,Holmes County,2,38943,38651,292,38762,38483,279,162,156,6,108,105,3,47,43,4,6,6,0
39077,2,3,Ohio,Huron County,2,59487,57370,2117,58601,56540,2061,780,742,38,328,301,27,207,200,7,27,18,9
39079,2,3,Ohio,Jackson County,2,32641,32444,197,32261,32088,173,270,269,1,275,246,29,87,86,1,14,12,2
39081,2,3,Ohio,Jefferson County,2,73894,73435,459,69185,68760,425,4600,4584,16,445,416,29,342,333,9,37,30,7
39083,2,3,Ohio,Knox County,2,54503,54132,371,53812,53466,346,507,491,16,371,357,14,243,239,4,23,20,3
39085,2,3,Ohio,Lake County,2,227511,223632,3879,220416,216754,3662,5394,5244,150,885,819,66,2525,2478,47,109,77,32
39087,2,3,Ohio,Lawrence County,2,62319,61964,355,60766,60430,336,1563,1543,20,359,347,12,160,150,10,25,21,4
39089,2,3,Ohio,Licking County,2,145619,144512,1107,141199,140174,1025,3640,3565,75,1074,1024,50,1149,1126,23,78,70,8
39091,2,3,Ohio,Logan County,2,46005,45673,332,44876,44572,304,1081,1064,17,267,257,10,268,261,7,40,37,3
39093,2,3,Ohio,Lorain County,2,284664,264988,19676,256438,238824,17614,27671,25592,2079,2679,2314,365,2376,2260,116,204,114,90
39095,2,3,Ohio,Lucas County,2,455054,434384,20670,368978,350124,18854,82233,80599,1634,3686,3118,568,6964,6810,154,248,182,66
39097,2,3,Ohio,Madison County,2,40213,39919,294,37385,37114,271,2697,2679,18,222,207,15,245,239,6,23,20,3
39099,2,3,Ohio,Mahoning County,2,257555,249915,7640,213823,207432,6391,43163,41886,1277,1573,1390,183,1653,1591,62,125,100,25
39101,2,3,Ohio,Marion County,2,66209,65486,723,61793,61127,666,4115,4069,46,364,356,8,465,455,10,26,22,4
39103,2,3,Ohio,Medina County,2,151095,149696,1399,148466,147131,1335,1714,1681,33,719,672,47,1229,1213,16,56,47,9
39105,2,3,Ohio,Meigs County,2,23072,22934,138,22817,22683,134,228,227,1,210,205,5,40,40,0,1,1,0
39107,2,3,Ohio,Mercer County,2,40924,40454,470,40644,40198,446,73,70,3,254,220,34,141,133,8,17,15,2
39109,2,3,Ohio,Miami County,2,98868,98147,721,95867,95187,680,2427,2399,28,512,498,14,927,907,20,30,24,6
39111,2,3,Ohio,Monroe County,2,15180,15118,62,15097,15042,55,53,49,4,95,92,3,23,20,3,6,6,0
39113,2,3,Ohio,Montgomery County,2,559062,551966,7096,437362,431300,6062,115690,114741,949,3992,3810,182,9310,9134,176,460,409,51
39115,2,3,Ohio,Morgan County,2,14897,14836,61,14274,14218,56,758,754,4,255,254,1,26,26,0,7,7,0
39117,2,3,Ohio,Morrow County,2,31628,31445,183,31389,31214,175,120,117,3,256,247,9,69,68,1,6,6,0
39119,2,3,Ohio,Muskingum County,2,84585,84149,436,80618,80226,392,4184,4145,39,629,611,18,321,319,2,34,32,2
39121,2,3,Ohio,Noble County,2,14058,13998,60,13063,13007,56,958,954,4,73,72,1,16,15,1,0,0,0
39123,2,3,Ohio,Ottawa County,2,40985,39450,1535,40497,38991,1506,361,327,34,208,194,14,130,124,6,27,27,0
39125,2,3,Ohio,Paulding County,2,20293,19681,612,19979,19397,582,283,247,36,168,153,15,45,35,10,6,4,2
39127,2,3,Ohio,Perry County,2,34078,33926,152,33866,33721,145,122,119,3,241,236,5,60,56,4,28,21,7
39129,2,3,Ohio,Pickaway County,2,52727,52394,333,49019,48709,310,3544,3528,16,443,426,17,177,172,5,32,28,4
39131,2,3,Ohio,Pike County,2,27695,27540,155,27175,27034,141,333,327,6,483,473,10,70,70,0,15,15,0
39133,2,3,Ohio,Portage County,2,152061,150968,1093,145500,144493,1007,5565,5501,64,1002,949,53,1569,1553,16,53,45,8
39135,2,3,Ohio,Preble County,2,42337,42156,181,41980,41814,166,200,198,2,242,232,10,149,146,3,15,9,6
39137,2,3,Ohio,Putnam County,2,34726,33205,1521,34534,33047,1487,99,73,26,116,105,11,85,82,3,7,6,1
39139,2,3,Ohio,Richland County,2,128852,127652,1200,115512,114439,1073,13027,12926,101,897,861,36,878,863,15,84,78,6
39141,2,3,Ohio,Ross County,2,73345,72916,429,68209,67819,390,4983,4960,23,661,623,38,393,385,8,49,48,1
39143,2,3,Ohio,Sandusky County,2,61792,57494,4298,59779,55592,4187,2048,1937,111,275,232,43,270,256,14,20,14,6
39145,2,3,Ohio,Scioto County,2,79195,78718,477,76260,75852,408,2416,2387,29,1174,1122,52,280,278,2,47,39,8
39147,2,3,Ohio,Seneca County,2,58683,56711,1972,57206,55347,1859,1385,1301,84,319,249,70,300,290,10,14,13,1
39149,2,3,Ohio,Shelby County,2,47910,47527,383,46580,46222,358,967,954,13,240,224,16,553,545,8,39,39,0
39151,2,3,Ohio,Stark County,2,378098,374606,3492,347155,344026,3129,30227,29924,303,2809,2674,135,2715,2682,33,144,135,9
39153,2,3,Ohio,Summit County,2,542899,538118,4781,461028,457040,3988,75578,74885,693,3606,3373,233,9023,8913,110,299,264,35
39155,2,3,Ohio,Trumbull County,2,225116,223322,1794,205623,204119,1504,18938,18709,229,1224,1159,65,1328,1278,50,112,98,14
39157,2,3,Ohio,Tuscarawas County,2,90914,90264,650,89796,89184,612,889,871,18,456,432,24,309,306,3,62,53,9
39159,2,3,Ohio,Union County,2,40909,40600,309,39423,39142,281,1274,1255,19,262,250,12,289,281,8,18,13,5
39161,2,3,Ohio,Van Wert County,2,29659,29197,462,29327,28871,456,320,315,5,86,80,6,94,87,7,3,3,0
39163,2,3,Ohio,Vinton County,2,12806,12746,60,12691,12633,58,55,54,1,158,153,5,20,20,0,0,0,0
39165,2,3,Ohio,Warren County,2,158486,156851,1635,151695,150176,1519,4711,4619,92,791,748,43,2397,2369,28,119,105,14
39167,2,3,Ohio,Washington County,2,63251,62927,324,62154,61847,307,810,797,13,444,436,8,378,378,0,56,50,6
39169,2,3,Ohio,Wayne County,2,111564,110727,837,108763,108002,761,2129,2088,41,548,509,39,933,914,19,44,37,7
39171,2,3,Ohio,Williams County,2,39188,38139,1049,38572,37566,1006,357,332,25,228,197,31,247,237,10,11,11,0
39173,2,3,Ohio,Wood County,2,121065,117032,4033,117821,113959,3862,1899,1792,107,747,649,98,1524,1496,28,69,58,11
39175,2,3,Ohio,Wyandot County,2,22908,22574,334,22724,22394,330,56,56,0,73,69,4,153,151,2,2,1,1
39001,2,3,Ohio,Adams County,3,27334,27154,180,27040,26882,158,79,76,3,421,397,24,43,43,0,6,3,3
39003,2,3,Ohio,Allen County,3,108544,107001,1543,94211,92837,1374,14299,14146,153,724,694,30,766,755,11,3,0,3
39005,2,3,Ohio,Ashland County,3,52567,52233,334,51766,51444,322,530,520,10,229,218,11,341,340,1,9,7,2
39007,2,3,Ohio,Ashtabula County,3,102770,100434,2336,98883,96727,2156,3838,3665,173,639,605,34,478,469,9,45,16,29
39009,2,3,Ohio,Athens County,3,62384,61747,637,59392,58812,580,1776,1746,30,585,553,32,1405,1395,10,24,24,0
39011,2,3,Ohio,Auglaize County,3,46617,46302,315,46213,45917,296,238,227,11,254,234,20,245,244,1,3,2,1
39013,2,3,Ohio,Belmont County,3,70119,69852,267,67204,66963,241,2761,2746,15,252,243,9,284,279,5,7,1,6
39015,2,3,Ohio,Brown County,3,42574,42390,184,42028,41867,161,453,442,11,213,202,11,75,72,3,2,0,2
39017,2,3,Ohio,Butler County,3,333685,328888,4797,309423,305020,4403,19334,19072,262,2056,1939,117,6103,6023,80,294,276,18
39019,2,3,Ohio,Carroll County,3,28879,28717,162,28570,28420,150,202,194,8,205,197,8,47,47,0,0,0,0
39021,2,3,Ohio,Champaign County,3,38939,38676,263,37799,37548,251,1085,1080,5,264,257,7,121,120,1,4,0,4
39023,2,3,Ohio,Clark County,3,144623,142915,1708,130151,128638,1513,14197,14059,138,1401,1310,91,1023,1012,11,58,44,14
39025,2,3,Ohio,Clermont County,3,178641,177093,1548,175435,173965,1470,2041,2014,27,994,945,49,1458,1439,19,28,21,7
39027,2,3,Ohio,Clinton County,3,40683,40419,264,39515,39270,245,1037,1032,5,247,231,16,208,207,1,0,0,0
39029,2,3,Ohio,Columbiana County,3,112102,110768,1334,109095,107877,1218,2764,2698,66,546,491,55,336,326,10,25,7,18
39031,2,3,Ohio,Coshocton County,3,36705,36482,223,36102,35894,208,518,512,6,193,177,16,143,143,0,1,0,1
39033,2,3,Ohio,Crawford County,3,46895,46533,362,46345,45998,347,350,339,11,247,237,10,175,175,0,0,0,0
39035,2,3,Ohio,Cuyahoga County,3,1392104,1344606,47498,972138,932053,40085,397051,389983,7068,8811,7747,1064,30517,29726,791,1610,1290,320
39037,2,3,Ohio,Darke County,3,53309,52856,453,52876,52437,439,329,325,4,234,222,12,172,171,1,3,1,2
39039,2,3,Ohio,Defiance County,3,39448,36567,2881,38404,35663,2741,879,772,107,224,181,43,158,146,12,21,3,18
39041,2,3,Ohio,Delaware County,3,111720,110613,1107,106834,105806,1028,3332,3266,66,609,594,15,2061,2049,12,38,37,1
39043,2,3,Ohio,Erie County,3,79584,77911,1673,72067,70542,1525,7606,7489,117,503,440,63,383,374,9,0,0,0
39045,2,3,Ohio,Fairfield County,3,123427,122437,990,118893,117992,901,3688,3644,44,815,765,50,1120,1107,13,17,13,4
39047,2,3,Ohio,Fayette County,3,28434,28083,351,27629,27325,304,729,681,48,120,111,9,150,150,0,2,2,0
39049,2,3,Ohio,Franklin County,3,1071759,1046999,24760,834869,813522,21347,207240,204169,3071,9753,8824,929,38821,38289,532,1516,1373,143
39051,2,3,Ohio,Fulton County,3,42143,39683,2460,41666,39304,2362,214,156,58,258,206,52,219,212,7,34,6,28
39053,2,3,Ohio,Gallia County,3,31090,30900,190,29986,29806,180,943,936,7,289,286,3,118,118,0,0,0,0
39055,2,3,Ohio,Geauga County,3,91235,90698,537,89626,89113,513,1258,1246,12,285,263,22,540,538,2,21,19,2
39057,2,3,Ohio,Greene County,3,148215,146402,1813,134768,133147,1621,10662,10506,156,1322,1262,60,3733,3716,17,133,132,1
39059,2,3,Ohio,Guernsey County,3,40790,40532,258,39902,39658,244,843,831,12,369,358,11,163,162,1,0,0,0
39061,2,3,Ohio,Hamilton County,3,844054,834456,9598,626877,618951,7926,205164,203750,1414,5275,4825,450,16247,16081,166,664,620,44
39063,2,3,Ohio,Hancock County,3,71318,69128,2190,69474,67358,2116,1013,941,72,314,294,20,1010,999,11,1,0,1
39065,2,3,Ohio,Hardin County,3,31938,31687,251,31469,31234,235,298,288,10,208,198,10,175,171,4,0,0,0
39067,2,3,Ohio,Harrison County,3,15861,15806,55,15478,15426,52,438,435,3,27,25,2,21,21,0,0,0,0
39069,2,3,Ohio,Henry County,3,29213,27631,1582,28813,27287,1526,209,198,11,123,79,44,145,136,9,3,0,3
39071,2,3,Ohio,Highland County,3,41017,40802,215,40134,39944,190,733,721,12,265,248,17,157,157,0,3,1,2
39073,2,3,Ohio,Hocking County,3,28240,28116,124,27889,27770,119,284,282,2,267,261,6,50,50,0,0,0,0
39075,2,3,Ohio,Holmes County,3,39053,38759,294,38883,38600,283,167,160,7,83,79,4,40,40,0,4,0,4
39077,2,3,Ohio,Huron County,3,59605,57474,2131,58733,56659,2074,785,747,38,309,283,26,192,185,7,16,1,15
39079,2,3,Ohio,Jackson County,3,32636,32435,201,32258,32082,176,254,253,1,261,234,27,74,74,0,3,0,3
39081,2,3,Ohio,Jefferson County,3,73678,73227,451,69012,68594,418,4512,4499,13,401,380,21,305,300,5,8,1,7
39083,2,3,Ohio,Knox County,3,54643,54270,373,53947,53599,348,487,473,14,350,334,16,237,235,2,5,3,2
39085,2,3,Ohio,Lake County,3,227630,223716,3914,220497,216803,3694,5403,5247,156,886,815,71,2526,2474,52,111,94,17
39087,2,3,Ohio,Lawrence County,3,62283,61932,351,60756,60424,332,1522,1509,13,330,320,10,138,134,4,7,2,5
39089,2,3,Ohio,Licking County,3,146056,144954,1102,141701,140683,1018,3655,3597,58,1050,1018,32,1116,1105,11,28,23,5
39091,2,3,Ohio,Logan County,3,46014,45675,339,44895,44586,309,1089,1068,21,229,220,9,255,252,3,18,8,10
39093,2,3,Ohio,Lorain County,3,285215,265141,20074,256948,238959,17989,28005,25832,2173,2764,2348,416,2346,2185,161,338,196,142
39095,2,3,Ohio,Lucas County,3,454893,433972,20921,368596,349524,19072,82589,80812,1777,3840,3213,627,7038,6858,180,289,254,35
39097,2,3,Ohio,Madison County,3,40222,39936,286,37423,37159,264,2633,2618,15,187,181,6,226,223,3,4,1,3
39099,2,3,Ohio,Mahoning County,3,257044,249372,7672,213296,206867,6429,43204,41973,1231,1622,1454,168,1620,1585,35,117,89,28
39101,2,3,Ohio,Marion County,3,66135,65417,718,61722,61060,662,4048,4004,44,348,342,6,448,441,7,1,0,1
39103,2,3,Ohio,Medina County,3,151854,150450,1404,149271,147924,1347,1706,1675,31,677,636,41,1226,1217,9,3,1,2
39105,2,3,Ohio,Meigs County,3,23035,22895,140,22786,22650,136,213,213,0,181,175,6,29,29,0,0,0,0
39107,2,3,Ohio,Mercer County,3,40915,40443,472,40635,40192,443,61,59,2,230,207,23,130,127,3,9,0,9
39109,2,3,Ohio,Miami County,3,98986,98271,715,96019,95345,674,2407,2386,21,457,444,13,934,918,16,1,0,1
39111,2,3,Ohio,Monroe County,3,15175,15112,63,15103,15047,56,46,42,4,73,70,3,17,16,1,8,6,2
39113,2,3,Ohio,Montgomery County,3,558463,551325,7138,436350,430254,6096,115965,115047,918,4064,3906,158,9514,9370,144,604,554,50
39115,2,3,Ohio,Morgan County,3,14885,14824,61,14280,14224,56,769,765,4,254,253,1,13,13,0,1,1,0
39117,2,3,Ohio,Morrow County,3,31805,31621,184,31565,31389,176,109,107,2,254,244,10,54,54,0,0,0,0
39119,2,3,Ohio,Muskingum County,3,84733,84294,439,80770,80376,394,4263,4225,38,673,658,15,302,301,1,6,3,3
39121,2,3,Ohio,Noble County,3,14098,14037,61,13099,13043,56,948,944,4,46,45,1,13,13,0,0,0,0
39123,2,3,Ohio,Ottawa County,3,40999,39462,1537,40507,39005,1502,351,322,29,176,168,8,106,105,1,20,13,7
39125,2,3,Ohio,Paulding County,3,20228,19624,604,19919,19348,571,263,236,27,137,131,6,35,34,1,6,0,6
39127,2,3,Ohio,Perry County,3,34123,33966,157,33908,33760,148,120,118,2,235,231,4,42,38,4,19,7,12
39129,2,3,Ohio,Pickaway County,3,52840,52503,337,49164,48856,308,3478,3465,13,405,393,12,155,152,3,18,9,9
39131,2,3,Ohio,Pike County,3,27751,27595,156,27233,27092,141,318,312,6,472,462,10,59,59,0,1,1,0
39133,2,3,Ohio,Portage County,3,152368,151286,1082,145816,144815,1001,5589,5545,44,1009,964,45,1553,1541,12,19,18,1
39135,2,3,Ohio,Preble County,3,42357,42173,184,41992,41824,168,181,180,1,244,234,10,131,128,3,6,0,6
39137,2,3,Ohio,Putnam County,3,34759,33228,1531,34562,33065,1497,105,69,36,87,79,8,79,77,2,1,0,1
39139,2,3,Ohio,Richland County,3,128785,127588,1197,115409,114337,1072,13051,12962,89,956,925,31,862,851,11,68,58,10
39141,2,3,Ohio,Ross County,3,73435,73012,423,68325,67941,384,4893,4876,17,612,584,28,346,345,1,5,3,2
39143,2,3,Ohio,Sandusky County,3,61808,57482,4326,59843,55628,4215,2072,1938,134,235,201,34,243,233,10,8,1,7
39145,2,3,Ohio,Scioto County,3,79074,78589,485,76177,75766,411,2344,2322,22,1129,1074,55,253,251,2,16,7,9
39147,2,3,Ohio,Seneca County,3,58624,56632,1992,57163,55277,1886,1375,1287,88,303,237,66,286,276,10,0,0,0
39149,2,3,Ohio,Shelby County,3,47982,47595,387,46668,46305,363,981,970,11,204,188,16,553,549,4,12,10,2
39151,2,3,Ohio,Stark County,3,378075,374566,3509,347051,343874,3177,30404,30097,307,2819,2717,102,2718,2696,22,152,145,7
39153,2,3,Ohio,Summit County,3,543552,538744,4808,461273,457244,4029,75940,75261,679,3650,3443,207,9156,9079,77,348,336,12
39155,2,3,Ohio,Trumbull County,3,224943,223159,1784,205438,203923,1515,18993,18776,217,1264,1206,58,1270,1244,26,47,36,11
39157,2,3,Ohio,Tuscarawas County,3,91030,90366,664,89910,89291,619,889,864,25,452,433,19,294,293,1,65,48,17
39159,2,3,Ohio,Union County,3,41202,40895,307,39729,39449,280,1242,1223,19,244,233,11,286,284,2,0,0,0
39161,2,3,Ohio,Van Wert County,3,29633,29179,454,29304,28855,449,313,310,3,56,53,3,73,72,1,0,0,0
39163,2,3,Ohio,Vinton County,3,12810,12749,61,12699,12640,59,48,48,0,146,142,4,11,11,0,0,0,0
39165,2,3,Ohio,Warren County,3,160743,159101,1642,153901,152377,1524,4649,4570,79,747,717,30,2431,2413,18,96,94,2
39167,2,3,Ohio,Washington County,3,63181,62854,327,62119,61813,306,772,759,13,427,423,4,345,344,1,34,28,6
39169,2,3,Ohio,Wayne County,3,111702,110860,842,108935,108170,765,2104,2065,39,521,476,45,926,913,13,8,6,2
39171,2,3,Ohio,Williams County,3,39201,38163,1038,38595,37596,999,341,322,19,209,187,22,229,225,4,0,0,0
39173,2,3,Ohio,Wood County,3,121208,117155,4053,117984,114100,3884,1893,1784,109,726,632,94,1516,1494,22,16,14,2
39175,2,3,Ohio,Wyandot County,3,22910,22577,333,22737,22407,330,53,53,0,40,38,2,137,134,3,0,0,0
39001,2,3,Ohio,Adams County,4,27505,27311,194,27206,27035,171,85,80,5,416,394,22,45,45,0,6,3,3
39003,2,3,Ohio,Allen County,4,108170,106627,1543,93980,92607,1373,14142,13987,155,689,657,32,832,820,12,1,0,1
39005,2,3,Ohio,Ashland County,4,52838,52499,339,52026,51699,327,555,547,8,231,220,11,339,339,0,5,3,2
39007,2,3,Ohio,Ashtabula County,4,102906,100441,2465,98969,96687,2282,3914,3735,179,623,588,35,486,475,11,39,17,22
39009,2,3,Ohio,Athens County,4,63141,62511,630,60112,59541,571,1772,1745,27,595,559,36,1450,1442,8,19,19,0
39011,2,3,Ohio,Auglaize County,4,46707,46377,330,46282,45972,310,255,243,12,271,250,21,247,246,1,4,2,2
39013,2,3,Ohio,Belmont County,4,69582,69319,263,66556,66316,240,2859,2848,11,275,267,8,290,290,0,6,1,5
39015,2,3,Ohio,Brown County,4,42829,42652,177,42249,42096,153,479,469,10,228,214,14,79,77,2,3,0,3
39017,2,3,Ohio,Butler County,4,336931,331731,5200,311865,307074,4791,19764,19486,278,2046,1920,126,6594,6514,80,320,295,25
39019,2,3,Ohio,Carroll County,4,29021,28852,169,28715,28561,154,199,190,9,203,195,8,53,51,2,2,0,2
39021,2,3,Ohio,Champaign County,4,39021,38748,273,37864,37606,258,1106,1103,3,263,254,9,134,133,1,4,0,4
39023,2,3,Ohio,Clark County,4,144041,142309,1732,129779,128243,1536,14003,13860,143,1392,1307,85,1073,1061,12,59,45,14
39025,2,3,Ohio,Clermont County,4,180862,179278,1584,177369,175865,1504,2048,2022,26,1013,956,57,1776,1750,26,44,39,5
39027,2,3,Ohio,Clinton County,4,40973,40694,279,39774,39515,259,1052,1047,5,246,230,16,236,235,1,0,0,0
39029,2,3,Ohio,Columbiana County,4,111644,110300,1344,108639,107417,1222,2743,2675,68,551,499,52,365,353,12,30,9,21
39031,2,3,Ohio,Coshocton County,4,36865,36631,234,36230,36008,222,563,556,7,193,179,14,147,147,0,0,0,0
39033,2,3,Ohio,Crawford County,4,46608,46214,394,46045,45666,379,353,342,11,271,263,8,174,174,0,0,0,0
39035,2,3,Ohio,Cuyahoga County,4,1383352,1335826,47526,962695,922428,40267,396682,389719,6963,8676,7682,994,32002,31226,776,1596,1289,307
39037,2,3,Ohio,Darke County,4,53060,52603,457,52638,52194,444,330,324,6,233,221,12,171,171,0,3,1,2
39039,2,3,Ohio,Defiance County,4,39387,36576,2811,38407,35724,2683,808,714,94,231,189,42,159,151,8,18,1,17
39041,2,3,Ohio,Delaware County,4,118407,117172,1235,112240,111085,1155,3731,3666,65,704,688,16,3008,2995,13,112,112,0
39043,2,3,Ohio,Erie County,4,79382,77657,1725,71892,70317,1575,7566,7439,127,517,454,63,442,434,8,0,0,0
39045,2,3,Ohio,Fairfield County,4,126197,125112,1085,120667,119675,992,4705,4655,50,801,754,47,1205,1195,10,20,11,9
39047,2,3,Ohio,Fayette County,4,28203,27837,366,27392,27074,318,715,668,47,132,121,11,178,177,1,1,1,0
39049,2,3,Ohio,Franklin County,4,1080107,1053894,26213,836026,813222,22804,211962,208884,3078,9815,8862,953,42063,41520,543,1580,1434,146
39051,2,3,Ohio,Fulton County,4,42139,39746,2393,41623,39334,2289,232,173,59,272,223,49,237,227,10,41,7,34
39053,2,3,Ohio,Gallia County,4,31174,30982,192,30085,29904,181,914,905,9,281,278,3,141,141,0,0,0,0
39055,2,3,Ohio,Geauga County,4,91736,91224,512,90099,89611,488,1294,1282,12,253,232,21,566,565,1,24,23,1
39057,2,3,Ohio,Greene County,4,148834,147018,1816,135393,133767,1626,10456,10302,154,1337,1279,58,3956,3936,20,131,130,1
39059,2,3,Ohio,Guernsey County,4,40912,40642,270,40017,39765,252,859,847,12,349,337,12,159,158,1,0,0,0
39061,2,3,Ohio,Hamilton County,4,839431,829780,9651,621602,613576,8026,205097,203728,1369,5246,4788,458,17276,17105,171,683,637,46
39063,2,3,Ohio,Hancock County,4,72052,69822,2230,70080,67925,2155,1097,1024,73,315,295,20,1076,1067,9,0,0,0
39065,2,3,Ohio,Hardin County,4,31707,31466,241,31215,30992,223,327,317,10,208,196,12,177,173,4,0,0,0
39067,2,3,Ohio,Harrison County,4,15790,15733,57,15428,15375,53,418,415,3,18,17,1,21,20,1,1,0,1
39069,2,3,Ohio,Henry County,4,29100,27552,1548,28721,27231,1490,172,161,11,128,81,47,154,147,7,3,0,3
39071,2,3,Ohio,Highland County,4,41295,41070,225,40392,40195,197,742,729,13,268,250,18,175,173,2,5,3,2
39073,2,3,Ohio,Hocking County,4,28367,28244,123,27987,27868,119,299,297,2,268,263,5,69,69,0,0,0,0
39075,2,3,Ohio,Holmes County,4,39789,39486,303,39591,39301,290,197,189,8,98,92,6,42,40,2,6,0,6
39077,2,3,Ohio,Huron County,4,59540,57347,2193,58690,56554,2136,747,705,42,296,272,24,230,223,7,15,1,14
39079,2,3,Ohio,Jackson County,4,32703,32482,221,32324,32127,197,253,252,1,258,233,25,80,79,1,3,1,2
39081,2,3,Ohio,Jefferson County,4,72965,72503,462,68342,67918,424,4428,4416,12,409,391,18,343,337,6,9,3,6
39083,2,3,Ohio,Knox County,4,55432,55051,381,54672,54316,356,529,514,15,364,350,14,265,262,3,5,4,1
39085,2,3,Ohio,Lake County,4,228211,224073,4138,220785,216864,3921,5496,5335,161,909,835,74,2785,2729,56,122,105,17
39087,2,3,Ohio,Lawrence County,4,62108,61741,367,60608,60267,341,1476,1457,19,324,313,11,152,149,3,4,2,2
39089,2,3,Ohio,Licking County,4,147397,146318,1079,142980,141987,993,3685,3630,55,1034,996,38,1203,1191,12,28,25,3
39091,2,3,Ohio,Logan County,4,46019,45681,338,44931,44623,308,1068,1047,21,236,227,9,253,250,3,19,13,6
39093,2,3,Ohio,Lorain County,4,286050,266060,19990,257909,239944,17965,27861,25730,2131,2740,2324,416,2514,2356,158,325,200,125
39095,2,3,Ohio,Lucas County,4,455138,434076,21062,368308,349064,19244,82978,81235,1743,3815,3203,612,7437,7262,175,303,267,36
39097,2,3,Ohio,Madison County,4,40224,39926,298,37321,37054,267,2673,2657,16,211,200,11,303,299,4,8,2,6
39099,2,3,Ohio,Mahoning County,4,255088,247509,7579,211709,205352,6357,42768,41567,1201,1587,1423,164,1767,1731,36,124,94,30
39101,2,3,Ohio,Marion County,4,66155,65373,782,61700,60976,724,4107,4065,42,329,321,8,461,452,9,1,0,1
39103,2,3,Ohio,Medina County,4,154737,153225,1512,151977,150527,1450,1804,1770,34,694,647,47,1351,1339,12,7,3,4
39105,2,3,Ohio,Meigs County,4,23018,22909,109,22753,22648,105,221,221,0,196,191,5,34,34,0,0,0,0
39107,2,3,Ohio,Mercer County,4,40815,40332,483,40511,40057,454,76,75,1,238,213,25,141,137,4,6,0,6
39109,2,3,Ohio,Miami County,4,99269,98532,737,96229,95534,695,2426,2403,23,473,459,14,997,982,15,2,1,1
39111,2,3,Ohio,Monroe County,4,15132,15065,67,15056,14999,57,45,42,3,73,69,4,18,16,2,9,4,5
39113,2,3,Ohio,Montgomery County,4,555485,548471,7014,433363,427340,6023,115780,114904,876,4008,3852,156,9931,9804,127,614,564,50
39115,2,3,Ohio,Morgan County,4,14886,14824,62,14264,14207,57,785,780,5,272,271,1,13,13,0,0,0,0
39117,2,3,Ohio,Morrow County,4,32537,32353,184,32235,32060,175,129,127,2,259,251,8,92,92,0,0,0,0
39119,2,3,Ohio,Muskingum County,4,84796,84358,438,80805,80408,397,4315,4278,37,673,661,12,305,304,1,5,4,1
39121,2,3,Ohio,Noble County,4,13945,13884,61,12962,12903,59,932,930,2,41,41,0,15,15,0,0,0,0
39123,2,3,Ohio,Ottawa County,4,40946,39412,1534,40465,38965,1500,358,328,30,151,143,8,113,111,2,20,12,8
39125,2,3,Ohio,Paulding County,4,20111,19491,620,19792,19210,582,277,245,32,138,129,9,35,34,1,7,0,7
39127,2,3,Ohio,Perry County,4,34313,34154,159,34089,33936,153,134,133,1,238,235,3,45,41,4,17,7,10
39129,2,3,Ohio,Pickaway County,4,52402,52059,343,48887,48573,314,3295,3282,13,433,421,12,171,167,4,14,7,7
39131,2,3,Ohio,Pike County,4,27809,27652,157,27307,27165,142,291,285,6,468,458,10,60,60,0,2,2,0
39133,2,3,Ohio,Portage County,4,153146,152041,1105,146351,145330,1021,5738,5687,51,1027,983,44,1683,1670,13,20,20,0
39135,2,3,Ohio,Preble County,4,42402,42213,189,41992,41824,168,213,212,1,247,235,12,153,145,8,10,0,10
39137,2,3,Ohio,Putnam County,4,34781,33304,1477,34573,33127,1446,110,79,31,82,74,8,86,83,3,0,0,0
39139,2,3,Ohio,Richland County,4,127992,126837,1155,114891,113864,1027,12761,12669,92,910,883,27,915,904,11,69,59,10
39141,2,3,Ohio,Ross County,4,73854,73434,420,68770,68393,377,4890,4869,21,614,585,29,344,340,4,7,2,5
39143,2,3,Ohio,Sandusky County,4,61782,57334,4448,59790,55456,4334,2119,1979,140,239,203,36,250,239,11,6,0,6
39145,2,3,Ohio,Scioto County,4,78500,78002,498,75574,75147,427,2340,2315,25,1117,1066,51,320,317,3,17,8,9
39147,2,3,Ohio,Seneca County,4,58352,56426,1926,56906,55085,1821,1335,1255,80,293,228,65,311,302,9,1,0,1
39149,2,3,Ohio,Shelby County,4,48289,47874,415,46941,46551,390,1034,1023,11,197,182,15,555,551,4,13,10,3
39151,2,3,Ohio,Stark County,4,377538,374080,3458,346562,343436,3126,30390,30093,297,2801,2703,98,2854,2830,24,150,142,8
39153,2,3,Ohio,Summit County,4,545383,540472,4911,462383,458235,4148,76233,75563,670,3602,3404,198,9823,9749,74,365,351,14
39155,2,3,Ohio,Trumbull County,4,224212,222287,1925,204843,203196,1647,18902,18681,221,1249,1192,57,1278,1242,36,45,32,13
39157,2,3,Ohio,Tuscarawas County,4,91211,90526,685,90055,89413,642,914,890,24,467,447,20,302,301,1,68,52,16
39159,2,3,Ohio,Union County,4,42457,42131,326,40877,40578,299,1299,1280,19,242,234,8,358,354,4,1,0,1
39161,2,3,Ohio,Van Wert County,4,29438,28962,476,29090,28621,469,332,325,7,62,57,5,76,76,0,0,0,0
39163,2,3,Ohio,Vinton County,4,13006,12946,60,12897,12839,58,43,43,0,144,141,3,12,12,0,0,0,0
39165,2,3,Ohio,Warren County,4,167175,165365,1810,159387,157705,1682,4900,4815,85,783,751,32,3187,3167,20,136,133,3
39167,2,3,Ohio,Washington County,4,62811,62485,326,61736,61433,303,746,733,13,432,427,5,372,371,1,36,30,6
39169,2,3,Ohio,Wayne County,4,112273,111397,876,109453,108659,794,2095,2058,37,549,498,51,983,972,11,11,9,2
39171,2,3,Ohio,Williams County,4,39106,38047,1059,38476,37462,1014,350,330,20,217,190,27,244,239,5,0,0,0
39173,2,3,Ohio,Wood County,4,122090,118017,4073,118751,114847,3904,1925,1816,109,730,636,94,1615,1592,23,21,17,4
39175,2,3,Ohio,Wyandot County,4,22740,22403,337,22544,22209,335,72,72,0,45,43,2,141,139,2,0,0,0
39001,2,3,Ohio,Adams County,5,27749,27551,198,27436,27264,172,95,86,9,420,395,25,52,52,0,7,4,3
39003,2,3,Ohio,Allen County,5,108113,106546,1567,93847,92456,1391,14207,14049,158,677,644,33,928,910,18,2,0,2
39005,2,3,Ohio,Ashland County,5,53173,52830,343,52367,52038,329,542,533,9,239,228,11,343,342,1,3,3,0
39007,2,3,Ohio,Ashtabula County,5,102985,100409,2576,99092,96697,2395,3916,3740,176,600,567,33,486,473,13,38,15,23
39009,2,3,Ohio,Athens County,5,63708,63077,631,60731,60162,569,1743,1713,30,592,555,37,1452,1443,9,13,13,0
39011,2,3,Ohio,Auglaize County,5,46695,46343,352,46267,45938,329,232,219,13,271,250,21,260,255,5,4,2,2
39013,2,3,Ohio,Belmont County,5,69791,69521,270,66731,66487,244,2909,2896,13,284,273,11,283,280,3,7,0,7
39015,2,3,Ohio,Brown County,5,43403,43255,148,42820,42697,123,470,458,12,237,225,12,97,96,1,4,0,4
39017,2,3,Ohio,Butler County,5,339828,334369,5459,313773,308701,5072,20558,20297,261,2012,1883,129,6961,6883,78,336,313,23
39019,2,3,Ohio,Carroll County,5,29262,29087,175,28950,28791,159,203,195,8,195,188,7,67,64,3,4,0,4
39021,2,3,Ohio,Champaign County,5,39261,38952,309,38083,37794,289,1098,1093,5,251,239,12,180,179,1,7,1,6
39023,2,3,Ohio,Clark County,5,143796,141942,1854,129655,128007,1648,13885,13740,145,1413,1318,95,1111,1098,13,62,47,15
39025,2,3,Ohio,Clermont County,5,183256,181663,1593,179561,178042,1519,2162,2136,26,987,936,51,1909,1891,18,49,45,4
39027,2,3,Ohio,Clinton County,5,41296,40990,306,40107,39821,286,1027,1022,5,263,245,18,256,255,1,0,0,0
39029,2,3,Ohio,Columbiana County,5,111571,110202,1369,108538,107298,1240,2756,2689,67,578,516,62,385,368,17,29,9,20
39031,2,3,Ohio,Coshocton County,5,36963,36722,241,36343,36115,228,540,534,6,199,185,14,146,146,0,0,0,0
39033,2,3,Ohio,Crawford County,5,46357,45969,388,45818,45445,373,334,323,11,251,244,7,180,180,0,0,0,0
39035,2,3,Ohio,Cuyahoga County,5,1373997,1326026,47971,951821,911047,40774,397145,390222,6923,8553,7569,984,33507,32744,763,1601,1305,296
39037,2,3,Ohio,Darke County,5,52939,52472,467,52509,52058,451,318,310,8,227,215,12,187,187,0,4,2,2
39039,2,3,Ohio,Defiance County,5,39208,36381,2827,38217,35514,2703,800,709,91,240,200,40,173,167,6,15,1,14
39041,2,3,Ohio,Delaware County,5,125782,124425,1357,118467,117194,1273,4127,4055,72,776,764,12,3876,3866,10,161,160,1
39043,2,3,Ohio,Erie County,5,78868,77141,1727,71488,69909,1579,7489,7367,122,496,432,64,448,441,7,0,0,0
39045,2,3,Ohio,Fairfield County,5,129098,127891,1207,122498,121388,1110,5759,5704,55,842,791,51,1311,1297,14,21,18,3
39047,2,3,Ohio,Fayette County,5,28130,27773,357,27310,27002,308,738,691,47,138,130,8,166,165,1,1,0,1
39049,2,3,Ohio,Franklin County,5,1084416,1056739,27677,834013,809774,24239,216621,213483,3138,9849,8879,970,44511,43952,559,1624,1459,165
39051,2,3,Ohio,Fulton County,5,42331,39873,2458,41825,39466,2359,217,166,51,264,216,48,241,229,12,39,9,30
39053,2,3,Ohio,Gallia County,5,31324,31130,194,30191,30009,182,928,919,9,286,282,4,176,176,0,0,0,0
39055,2,3,Ohio,Geauga County,5,92617,92111,506,90967,90483,484,1283,1271,12,246,225,21,610,609,1,18,17,1
39057,2,3,Ohio,Greene County,5,150230,148341,1889,136639,134942,1697,10567,10415,152,1335,1281,54,4082,4056,26,135,133,2
39059,2,3,Ohio,Guernsey County,5,41135,40832,303,40218,39932,286,887,872,15,356,347,9,175,175,0,0,0,0
39061,2,3,Ohio,Hamilton County,5,831739,821989,9750,613876,605693,8183,204751,203424,1327,5230,4794,436,17910,17758,152,704,651,53
39063,2,3,Ohio,Hancock County,5,72740,70544,2196,70729,68612,2117,1146,1072,74,345,322,23,1066,1056,10,1,0,1
39065,2,3,Ohio,Hardin County,5,31730,31491,239,31242,31022,220,342,333,9,193,180,13,170,166,4,0,0,0
39067,2,3,Ohio,Harrison County,5,15866,15807,59,15509,15455,54,414,410,4,22,20,2,23,23,0,1,0,1
39069,2,3,Ohio,Henry County,5,29311,27783,1528,28941,27471,1470,149,138,11,137,87,50,168,164,4,4,0,4
39071,2,3,Ohio,Highland County,5,41781,41543,238,40864,40654,210,761,746,15,261,243,18,192,190,2,6,3,3
39073,2,3,Ohio,Hocking County,5,28517,28391,126,28142,28021,121,290,287,3,269,264,5,97,97,0,0,0,0
39075,2,3,Ohio,Holmes County,5,40319,40013,306,40100,39807,293,217,209,8,103,97,6,44,41,3,4,0,4
39077,2,3,Ohio,Huron County,5,59922,57620,2302,59045,56802,2243,743,701,42,323,296,27,251,242,9,14,0,14
39079,2,3,Ohio,Jackson County,5,32998,32757,241,32613,32397,216,261,260,1,251,225,26,85,85,0,4,1,3
39081,2,3,Ohio,Jefferson County,5,72270,71818,452,67678,67264,414,4407,4396,11,411,392,19,348,343,5,10,3,7
39083,2,3,Ohio,Knox County,5,56229,55787,442,55466,55051,415,537,522,15,354,337,17,274,271,3,6,5,1
39085,2,3,Ohio,Lake County,5,228746,224334,4412,221005,216812,4193,5750,5590,160,932,865,67,2901,2848,53,131,112,19
39087,2,3,Ohio,Lawrence County,5,62112,61748,364,60580,60239,341,1497,1480,17,338,329,9,174,171,3,7,2,5
39089,2,3,Ohio,Licking County,5,148680,147569,1111,144161,143134,1027,3732,3677,55,1042,1007,35,1273,1261,12,34,29,5
39091,2,3,Ohio,Logan County,5,46239,45920,319,45137,44848,289,1055,1035,20,243,233,10,293,290,3,19,13,6
39093,2,3,Ohio,Lorain County,5,288075,267773,20302,259695,241410,18285,28168,26024,2144,2768,2355,413,2640,2478,162,331,207,124
39095,2,3,Ohio,Lucas County,5,454628,433085,21543,367451,347751,19700,83291,81514,1777,3851,3222,629,7702,7507,195,309,268,41
39097,2,3,Ohio,Madison County,5,40376,40080,296,37439,37172,267,2692,2676,16,192,183,9,344,340,4,7,3,4
39099,2,3,Ohio,Mahoning County,5,252794,245227,7567,209975,203635,6340,42159,40948,1211,1569,1406,163,1890,1855,35,130,99,31
39101,2,3,Ohio,Marion County,5,66249,65456,793,61772,61036,736,4149,4106,43,321,313,8,457,450,7,2,0,2
39103,2,3,Ohio,Medina County,5,158367,156778,1589,155448,153928,1520,1837,1800,37,709,658,51,1512,1496,16,9,4,5
39105,2,3,Ohio,Meigs County,5,23174,23061,113,22888,22779,109,242,242,0,200,193,7,42,42,0,0,0,0
39107,2,3,Ohio,Mercer County,5,40860,40368,492,40544,40080,464,89,86,3,237,212,25,144,139,5,8,0,8
39109,2,3,Ohio,Miami County,5,99612,98850,762,96531,95812,719,2400,2376,24,512,499,13,1080,1065,15,2,1,1
39111,2,3,Ohio,Monroe County,5,14988,14922,66,14918,14858,60,45,41,4,78,74,4,13,13,0,4,3,1
39113,2,3,Ohio,Montgomery County,5,553081,545984,7097,430708,424585,6123,115834,114972,862,3948,3797,151,10414,10268,146,639,586,53
39115,2,3,Ohio,Morgan County,5,14829,14768,61,14199,14142,57,802,798,4,282,281,1,15,15,0,0,0,0
39117,2,3,Ohio,Morrow County,5,32961,32776,185,32649,32472,177,135,133,2,270,261,9,101,101,0,0,0,0
39119,2,3,Ohio,Muskingum County,5,85185,84754,431,81192,80804,388,4327,4292,35,672,659,13,322,321,1,9,6,3
39121,2,3,Ohio,Noble County,5,13963,13899,64,12975,12913,62,935,933,2,43,43,0,16,16,0,0,0,0
39123,2,3,Ohio,Ottawa County,5,40972,39417,1555,40501,38984,1517,361,333,28,128,118,10,112,111,1,18,10,8
39125,2,3,Ohio,Paulding County,5,19895,19297,598,19599,19035,564,264,230,34,126,119,7,36,35,1,5,0,5
39127,2,3,Ohio,Perry County,5,34580,34413,167,34355,34197,158,142,140,2,228,225,3,51,46,5,23,12,11
39129,2,3,Ohio,Pickaway County,5,51659,51316,343,48718,48405,313,2697,2683,14,432,417,15,197,193,4,13,7,6
39131,2,3,Ohio,Pike County,5,28007,27835,172,27472,27315,157,312,305,7,502,491,11,63,63,0,2,2,0
39133,2,3,Ohio,Portage County,5,153955,152840,1115,146871,145846,1025,5940,5885,55,1001,957,44,1845,1831,14,27,25,2
39135,2,3,Ohio,Preble County,5,42487,42293,194,42087,41914,173,215,214,1,245,229,16,155,148,7,4,0,4
39137,2,3,Ohio,Putnam County,5,34686,33178,1508,34474,33000,1474,112,80,32,86,77,9,85,82,3,2,0,2
39139,2,3,Ohio,Richland County,5,128380,127212,1168,114981,113946,1035,13076,12981,95,899,868,31,950,938,12,72,61,11
39141,2,3,Ohio,Ross County,5,74277,73836,441,69171,68778,393,4892,4865,27,599,571,28,387,383,4,6,1,5
39143,2,3,Ohio,Sandusky County,5,61874,57470,4404,59817,55528,4289,2164,2031,133,275,236,39,273,262,11,6,0,6
39145,2,3,Ohio,Scioto County,5,78061,77547,514,75157,74719,438,2295,2270,25,1120,1062,58,345,343,2,19,11,8
39147,2,3,Ohio,Seneca County,5,57932,55945,1987,56461,54580,1881,1373,1296,77,265,195,70,335,327,8,1,0,1
39149,2,3,Ohio,Shelby County,5,48410,47994,416,47022,46631,391,1045,1035,10,218,202,16,585,582,3,17,14,3
39151,2,3,Ohio,Stark County,5,377629,374187,3442,346485,343366,3119,30532,30251,281,2828,2719,109,3030,3001,29,170,163,7
39153,2,3,Ohio,Summit County,5,546177,541107,5070,462335,458033,4302,76758,76086,672,3574,3375,199,10376,10300,76,376,364,12
39155,2,3,Ohio,Trumbull County,5,223168,221305,1863,203792,202205,1587,18940,18724,216,1248,1193,55,1297,1264,33,45,32,13
39157,2,3,Ohio,Tuscarawas County,5,91599,90871,728,90449,89764,685,907,883,24,480,458,22,311,310,1,62,47,15
39159,2,3,Ohio,Union County,5,42970,42603,367,41351,41013,338,1308,1289,19,239,227,12,400,395,5,1,1,0
39161,2,3,Ohio,Van Wert County,5,29288,28780,508,28924,28425,499,350,340,10,54,47,7,83,83,0,0,0,0
39163,2,3,Ohio,Vinton County,5,13138,13076,62,13030,12970,60,42,42,0,144,141,3,13,13,0,0,0,0
39165,2,3,Ohio,Warren County,5,174523,172523,2000,165947,164086,1861,5115,5022,93,832,799,33,3830,3809,21,168,164,4
39167,2,3,Ohio,Washington County,5,62525,62199,326,61446,61141,305,750,736,14,431,426,5,387,386,1,37,31,6
39169,2,3,Ohio,Wayne County,5,112808,111874,934,109950,109104,846,2109,2073,36,565,510,55,1023,1007,16,14,11,3
39171,2,3,Ohio,Williams County,5,38967,37865,1102,38302,37244,1058,348,328,20,226,200,26,281,277,4,0,0,0
39173,2,3,Ohio,Wood County,5,122336,118225,4111,119024,115070,3954,1852,1747,105,703,611,92,1696,1675,21,16,14,2
39175,2,3,Ohio,Wyandot County,5,22775,22453,322,22573,22254,319,73,73,0,54,53,1,143,141,2,0,0,0
39001,2,3,Ohio,Adams County,6,28026,27814,212,27695,27511,184,104,85,19,440,414,26,55,55,0,7,4,3
39003,2,3,Ohio,Allen County,6,108241,106663,1578,93867,92473,1394,14307,14143,164,661,632,29,1004,981,23,4,0,4
39005,2,3,Ohio,Ashland County,6,53749,53418,331,52932,52613,319,555,547,8,234,223,11,354,354,0,2,2,0
39007,2,3,Ohio,Ashtabula County,6,103120,100513,2607,99259,96833,2426,3903,3723,180,589,559,30,496,482,14,38,13,25
39009,2,3,Ohio,Athens County,6,64380,63754,626,61279,60716,563,1743,1714,29,618,576,42,1576,1567,9,11,11,0
39011,2,3,Ohio,Auglaize County,6,46740,46391,349,46328,46005,323,223,212,11,269,246,23,272,264,8,7,1,6
39013,2,3,Ohio,Belmont County,6,69636,69369,267,66608,66361,247,2884,2872,12,281,272,9,297,296,1,4,1,3
39015,2,3,Ohio,Brown County,6,43807,43669,138,43199,43085,114,495,483,12,236,223,13,106,103,3,2,0,2
39017,2,3,Ohio,Butler County,6,343207,337513,5694,315642,310332,5310,21692,21438,254,2006,1873,133,7491,7412,79,350,328,22
39019,2,3,Ohio,Carroll County,6,29599,29419,180,29303,29139,164,195,187,8,190,183,7,64,60,4,7,1,6
39021,2,3,Ohio,Champaign County,6,39544,39215,329,38365,38054,311,1120,1116,4,265,256,9,161,159,2,3,0,3
39023,2,3,Ohio,Clark County,6,143351,141466,1885,129179,127497,1682,13911,13765,146,1419,1324,95,1169,1158,11,62,46,16
39025,2,3,Ohio,Clermont County,6,185799,184132,1667,181992,180401,1591,2201,2176,25,963,913,50,2030,2013,17,62,55,7
39027,2,3,Ohio,Clinton County,6,41756,41440,316,40536,40239,297,1055,1050,5,264,249,15,268,267,1,0,0,0
39029,2,3,Ohio,Columbiana County,6,111523,110135,1388,108427,107177,1250,2783,2711,72,584,524,60,448,423,25,44,15,29
39031,2,3,Ohio,Coshocton County,6,37132,36876,256,36517,36274,243,547,540,7,208,193,15,140,140,0,0,0,0
39033,2,3,Ohio,Crawford County,6,46091,45696,395,45558,45178,380,320,309,11,251,244,7,191,191,0,0,0,0
39035,2,3,Ohio,Cuyahoga County,6,1363888,1315727,48161,941044,900013,41031,397144,390281,6863,8466,7500,966,34595,33831,764,1602,1313,289
39037,2,3,Ohio,Darke County,6,52960,52475,485,52518,52051,467,334,326,8,230,215,15,200,198,2,3,0,3
39039,2,3,Ohio,Defiance County,6,39054,36271,2783,38134,35468,2666,772,688,84,221,181,40,146,139,7,17,2,15
39041,2,3,Ohio,Delaware County,6,132797,131277,1520,124291,122857,1434,4590,4514,76,818,807,11,4729,4722,7,185,184,1
39043,2,3,Ohio,Erie County,6,78709,76956,1753,71329,69731,1598,7490,7360,130,514,450,64,481,472,9,0,0,0
39045,2,3,Ohio,Fairfield County,6,132549,131250,1299,124959,123767,1192,6642,6583,59,862,805,57,1495,1480,15,30,26,4
39047,2,3,Ohio,Fayette County,6,28158,27758,400,27324,26978,346,770,717,53,145,134,11,167,162,5,4,2,2
39049,2,3,Ohio,Franklin County,6,1088944,1059544,29400,832762,806846,25916,221053,217838,3215,9875,8869,1006,46639,46054,585,1667,1497,170
39051,2,3,Ohio,Fulton County,6,42446,39904,2542,41924,39485,2439,242,183,59,254,205,49,251,240,11,43,8,35
39053,2,3,Ohio,Gallia County,6,31398,31203,195,30272,30089,183,929,920,9,285,281,4,177,177,0,0,0,0
39055,2,3,Ohio,Geauga County,6,93941,93452,489,92228,91763,465,1337,1325,12,255,235,20,624,623,1,17,17,0
39057,2,3,Ohio,Greene County,6,151257,149343,1914,137506,135779,1727,10521,10381,140,1341,1285,56,4336,4305,31,148,143,5
39059,2,3,Ohio,Guernsey County,6,41362,41048,314,40449,40156,293,886,868,18,366,353,13,172,170,2,0,0,0
39061,2,3,Ohio,Hamilton County,6,823472,813497,9975,606308,597898,8410,204269,202964,1305,5200,4748,452,17955,17778,177,706,655,51
39063,2,3,Ohio,Hancock County,6,73133,70934,2199,70947,68826,2121,1175,1103,72,361,335,26,1233,1223,10,3,0,3
39065,2,3,Ohio,Hardin County,6,31608,31359,249,31145,30914,231,322,313,9,202,190,12,149,146,3,0,0,0
39067,2,3,Ohio,Harrison County,6,15967,15895,72,15629,15561,68,396,393,3,22,21,1,21,20,1,1,0,1
39069,2,3,Ohio,Henry County,6,29318,27769,1549,28934,27441,1493,167,158,9,125,82,43,174,168,6,2,0,2
39071,2,3,Ohio,Highland County,6,41963,41711,252,41038,40813,225,762,747,15,257,240,17,200,198,2,9,7,2
39073,2,3,Ohio,Hocking County,6,28644,28514,130,28234,28109,125,316,313,3,278,272,6,117,117,0,0,0,0
39075,2,3,Ohio,Holmes County,6,40681,40373,308,40480,40183,297,201,194,7,97,93,4,47,45,2,6,0,6
39077,2,3,Ohio,Huron County,6,60231,57862,2369,59337,57031,2306,762,714,48,315,292,23,270,260,10,19,1,18
39079,2,3,Ohio,Jackson County,6,33074,32806,268,32681,32439,242,274,273,1,260,232,28,82,80,2,3,1,2
39081,2,3,Ohio,Jefferson County,6,71888,71416,472,67317,66880,437,4389,4377,12,406,384,22,376,374,2,8,1,7
39083,2,3,Ohio,Knox County,6,56930,56508,422,56159,55760,399,536,522,14,362,350,12,282,280,2,4,3,1
39085,2,3,Ohio,Lake County,6,228878,224106,4772,220849,216302,4547,5895,5726,169,960,891,69,3097,3043,54,136,116,20
39087,2,3,Ohio,Lawrence County,6,62550,62210,340,61027,60708,319,1478,1465,13,343,335,8,200,200,0,4,2,2
39089,2,3,Ohio,Licking County,6,150634,149523,1111,145848,144820,1028,3991,3931,60,1079,1046,33,1364,1349,15,37,35,2
39091,2,3,Ohio,Logan County,6,46411,46066,345,45368,45056,312,1046,1026,20,240,227,13,267,260,7,21,10,11
39093,2,3,Ohio,Lorain County,6,291164,270660,20504,262591,244121,18470,28308,26176,2132,2770,2359,411,2835,2664,171,343,211,132
39095,2,3,Ohio,Lucas County,6,454216,432482,21734,366768,346863,19905,83617,81844,1773,3864,3231,633,7889,7703,186,322,273,49
39097,2,3,Ohio,Madison County,6,40624,40322,302,37681,37406,275,2718,2701,17,180,173,7,334,332,2,7,4,3
39099,2,3,Ohio,Mahoning County,6,251660,244108,7552,209081,202735,6346,41915,40724,1191,1572,1419,153,1977,1939,38,133,104,29
39101,2,3,Ohio,Marion County,6,66396,65566,830,61868,61095,773,4178,4135,43,323,316,7,491,484,7,1,0,1
39103,2,3,Ohio,Medina County,6,161641,160041,1600,158585,157051,1534,1865,1828,37,740,691,49,1651,1639,12,15,10,5
39105,2,3,Ohio,Meigs County,6,23242,23128,114,22952,22842,110,242,242,0,196,189,7,51,51,0,0,0,0
39107,2,3,Ohio,Mercer County,6,40933,40427,506,40597,40123,474,87,84,3,230,204,26,172,165,7,7,0,7
39109,2,3,Ohio,Miami County,6,100230,99437,793,97035,96287,748,2424,2402,22,491,478,13,1214,1197,17,2,2,0
39111,2,3,Ohio,Monroe County,6,14927,14860,67,14850,14790,60,46,42,4,80,76,4,19,19,0,4,2,2
39113,2,3,Ohio,Montgomery County,6,552187,545017,7170,429483,423251,6232,116036,115193,843,3949,3802,147,10809,10664,145,656,608,48
39115,2,3,Ohio,Morgan County,6,14843,14782,61,14271,14215,56,734,730,4,263,262,1,17,17,0,0,0,0
39117,2,3,Ohio,Morrow County,6,33568,33360,208,33234,33034,200,153,151,2,262,253,9,110,110,0,0,0,0
39119,2,3,Ohio,Muskingum County,6,85423,84989,434,81414,81024,390,4359,4321,38,692,677,15,325,324,1,7,5,2
39121,2,3,Ohio,Noble County,6,14054,13987,67,13059,12994,65,940,938,2,46,46,0,17,17,0,0,0,0
39123,2,3,Ohio,Ottawa County,6,41192,39638,1554,40730,39209,1521,333,306,27,147,139,8,120,119,1,15,10,5
39125,2,3,Ohio,Paulding County,6,19665,19067,598,19349,18787,562,287,255,32,129,121,8,36,35,1,6,0,6
39127,2,3,Ohio,Perry County,6,35074,34906,168,34849,34688,161,140,138,2,235,233,2,52,49,3,17,12,5
39129,2,3,Ohio,Pickaway County,6,51723,51372,351,48807,48489,318,2702,2688,14,423,408,15,174,167,7,14,5,9
39131,2,3,Ohio,Pike County,6,28194,28024,170,27686,27531,155,280,274,6,488,478,10,72,72,0,2,2,0
39133,2,3,Ohio,Portage County,6,154870,153718,1152,147528,146467,1061,6081,6024,57,987,944,43,2025,2011,14,32,32,0
39135,2,3,Ohio,Preble County,6,42417,42221,196,42002,41826,176,225,223,2,247,232,15,161,157,4,7,0,7
39137,2,3,Ohio,Putnam County,6,34754,33228,1526,34549,33054,1495,101,72,29,80,72,8,84,83,1,1,0,1
39139,2,3,Ohio,Richland County,6,128267,127069,1198,114893,113832,1061,13053,12955,98,892,863,29,988,974,14,74,61,13
39141,2,3,Ohio,Ross County,6,74424,73962,462,69356,68948,408,4882,4850,32,605,575,30,374,369,5,7,3,4
39143,2,3,Ohio,Sandusky County,6,61753,57332,4421,59739,55417,4322,2170,2048,122,245,207,38,259,252,7,5,0,5
39145,2,3,Ohio,Scioto County,6,77453,76911,542,74495,74039,456,2335,2309,26,1124,1062,62,364,357,7,23,12,11
39147,2,3,Ohio,Seneca County,6,57734,55680,2054,56264,54315,1949,1386,1302,84,258,189,69,346,342,4,2,0,2
39149,2,3,Ohio,Shelby County,6,48566,48080,486,47130,46669,461,1093,1083,10,209,193,16,615,611,4,15,12,3
39151,2,3,Ohio,Stark County,6,377519,374122,3397,346382,343290,3092,30589,30322,267,2813,2704,109,3117,3095,22,160,154,6
39153,2,3,Ohio,Summit County,6,546774,541667,5107,462057,457707,4350,77547,76879,668,3549,3356,193,10700,10630,70,382,372,10
39155,2,3,Ohio,Trumbull County,6,221785,219925,1860,202551,200963,1588,18860,18647,213,1236,1173,63,1268,1237,31,40,28,12
39157,2,3,Ohio,Tuscarawas County,6,91706,90899,807,90506,89746,760,969,946,23,482,459,23,317,315,2,63,46,17
39159,2,3,Ohio,Union County,6,43750,43372,378,42098,41749,349,1337,1318,19,249,237,12,412,407,5,1,1,0
39161,2,3,Ohio,Van Wert County,6,29277,28785,492,28924,28440,484,326,320,6,76,69,7,93,93,0,0,0,0
39163,2,3,Ohio,Vinton County,6,13231,13164,67,13121,13056,65,42,42,0,151,147,4,13,13,0,0,0,0
39165,2,3,Ohio,Warren County,6,181743,179543,2200,171932,169876,2056,5624,5522,102,876,844,32,4668,4647,21,211,205,6
39167,2,3,Ohio,Washington County,6,62505,62175,330,61378,61070,308,787,771,16,427,423,4,413,412,1,37,31,6
39169,2,3,Ohio,Wayne County,6,113121,112149,972,110222,109348,874,2096,2059,37,579,519,60,1091,1069,22,8,5,3
39171,2,3,Ohio,Williams County,6,38802,37679,1123,38133,37052,1081,377,357,20,223,200,23,257,254,3,0,0,0
39173,2,3,Ohio,Wood County,6,123020,118774,4246,119629,115551,4078,1878,1761,117,715,621,94,1768,1746,22,17,14,3
39175,2,3,Ohio,Wyandot County,6,22826,22483,343,22621,22282,339,73,73,0,43,42,1,151,148,3,0,0,0
