stcty,reg,div,stname,ctyname,time,popestimate,popest_male,popest_fem,under5_tot,under5_male,under5_fem,age513_tot,age513_male,age513_fem,age1417_tot,age1417_male,age1417_fem,age1824_tot,age1824_male,age1824_fem,age16plus_tot,age16plus_male,age16plus_fem,age18plus_tot,age18plus_male,age18plus_fem,age1544_tot,age1544_male,age1544_fem,age65plus_tot,age65plus_male,age65plus_fem,age85plus_tot,age85plus_male,age85plus_fem
30001,4,8,Montana,Beaverhead County,1,9202,4713,4489,527,269,258,1086,580,506,647,350,297,1092,571,521,7323,3724,3599,6942,3514,3428,3907,2006,1901,1250,595,655,205,69,136
30003,4,8,Montana,Big Horn County,1,12671,6249,6422,1180,623,557,2302,1203,1099,1052,546,506,1090,546,544,8677,4159,4518,8137,3877,4260,5262,2559,2703,1089,456,633,135,33,102
30005,4,8,Montana,Blaine County,1,7009,3460,3549,569,279,290,1154,564,590,564,300,264,563,311,252,5012,2474,2538,4722,2317,2405,2737,1391,1346,904,406,498,112,44,68
30007,4,8,Montana,Broadwater County,1,4385,2236,2149,234,121,113,575,278,297,296,167,129,210,116,94,3425,1745,1680,3280,1670,1610,1579,809,770,719,347,372,88,31,57
30009,4,8,Montana,Carbon County,1,9552,4785,4767,494,272,222,1202,624,578,597,310,287,544,286,258,7570,3733,3837,7259,3579,3680,3494,1725,1769,1608,756,852,208,78,130
30011,4,8,Montana,Carter County,1,1360,662,698,55,18,37,187,85,102,119,68,51,56,31,25,1058,525,533,999,491,508,483,250,233,244,105,139,46,15,31
30013,4,8,Montana,Cascade County,1,80357,39756,40601,5337,2755,2582,10608,5372,5236,4967,2558,2409,7351,3852,3499,61943,30353,31590,59445,29071,30374,33658,17152,16506,11248,4816,6432,1439,440,999
30015,4,8,Montana,Chouteau County,1,5970,2997,2973,386,205,181,905,476,429,430,223,207,387,204,183,4472,2214,2258,4249,2093,2156,2161,1072,1089,1043,469,574,145,55,90
30017,4,8,Montana,Custer County,1,11696,5724,5972,689,372,317,1445,747,698,805,428,377,984,483,501,9189,4402,4787,8757,4177,4580,4597,2255,2342,1999,869,1130,254,95,159
30019,4,8,Montana,Daniels County,1,2017,988,1029,87,44,43,215,108,107,144,59,85,98,56,42,1645,809,836,1571,777,794,609,309,300,475,216,259,61,17,44
30021,4,8,Montana,Dawson County,1,9059,4490,4569,463,227,236,1055,507,548,578,277,301,797,426,371,7254,3620,3634,6963,3479,3484,3491,1806,1685,1603,715,888,229,92,137
30023,4,8,Montana,Deer Lodge County,1,9417,4703,4714,433,228,205,1074,563,511,615,314,301,741,406,335,7640,3784,3856,7295,3598,3697,3475,1786,1689,1774,738,1036,229,64,165
30025,4,8,Montana,Fallon County,1,2837,1434,1403,138,78,60,365,194,171,221,123,98,177,91,86,2221,1102,1119,2113,1039,1074,1069,568,501,508,233,275,62,16,46
30027,4,8,Montana,Fergus County,1,11893,5787,6106,617,310,307,1475,739,736,827,404,423,729,406,323,9409,4548,4861,8974,4334,4640,4183,2119,2064,2364,973,1391,391,120,271
30029,4,8,Montana,Flathead County,1,74471,36911,37560,4415,2219,2196,9887,5031,4856,4985,2612,2373,5508,2778,2730,57684,28367,29317,55184,27049,28135,29689,14828,14861,9656,4313,5343,1133,357,776
30031,4,8,Montana,Gallatin County,1,67831,35274,32557,3935,1999,1936,7505,3879,3626,3459,1823,1636,12582,6986,5596,54671,28460,26211,52932,27573,25359,35816,19196,16620,5770,2512,3258,703,210,493
30033,4,8,Montana,Garfield County,1,1279,660,619,86,46,40,145,78,67,82,45,37,91,53,38,1010,515,495,966,491,475,453,237,216,247,105,142,35,9,26
30035,4,8,Montana,Glacier County,1,13247,6553,6694,1075,574,501,2353,1185,1168,1196,614,582,1200,619,581,9179,4461,4718,8623,4180,4443,5627,2757,2870,1221,554,667,126,44,82
30037,4,8,Montana,Golden Valley County,1,1042,539,503,54,27,27,156,89,67,78,40,38,61,31,30,792,403,389,754,383,371,360,183,177,172,87,85,13,7,6
30039,4,8,Montana,Granite County,1,2830,1450,1380,137,59,78,358,205,153,191,100,91,161,80,81,2226,1137,1089,2144,1086,1058,962,483,479,450,214,236,46,15,31
30041,4,8,Montana,Hill County,1,16673,8306,8367,1190,605,585,2326,1190,1136,1191,637,554,1927,1027,900,12595,6212,6383,11966,5874,6092,7165,3664,3501,2134,863,1271,277,82,195
30043,4,8,Montana,Jefferson County,1,10049,5045,5004,524,271,253,1471,741,730,803,400,403,519,276,243,7646,3835,3811,7251,3633,3618,3783,1867,1916,1035,510,525,111,34,77
30045,4,8,Montana,Judith Basin County,1,2329,1209,1120,121,73,48,330,160,170,173,107,66,106,57,49,1801,929,872,1705,869,836,788,414,374,400,188,212,49,17,32
30047,4,8,Montana,Lake County,1,26507,13028,13479,1778,921,857,3681,1901,1780,1981,1012,969,2114,1067,1047,20083,9707,10376,19067,9194,9873,10077,4915,5162,3851,1800,2051,462,158,304
30049,4,8,Montana,Lewis and Clark County,1,55716,27360,28356,3435,1761,1674,7198,3667,3531,3635,1854,1781,4733,2360,2373,43242,20993,22249,41448,20078,21370,23019,11314,11705,6533,2784,3749,775,243,532
30051,4,8,Montana,Liberty County,1,2158,1063,1095,109,59,50,267,138,129,181,92,89,125,71,54,1695,822,873,1601,774,827,801,391,410,425,187,238,74,30,44
30053,4,8,Montana,Lincoln County,1,18837,9542,9295,937,475,462,2436,1296,1140,1399,721,678,1045,540,505,14765,7386,7379,14065,7050,7015,6630,3278,3352,2859,1398,1461,248,76,172
30055,4,8,Montana,McCone County,1,1977,987,990,107,54,53,266,116,150,118,62,56,107,63,44,1542,786,756,1486,755,731,668,352,316,374,181,193,24,11,13
30057,4,8,Montana,Madison County,1,6851,3465,3386,320,160,160,774,374,400,476,240,236,333,190,143,5520,2816,2704,5281,2691,2590,2419,1240,1179,1176,577,599,139,46,93
30059,4,8,Montana,Meagher County,1,1932,968,964,96,56,40,265,133,132,122,53,69,117,59,58,1513,751,762,1449,726,723,652,323,329,351,163,188,29,10,19
30061,4,8,Montana,Mineral County,1,3884,2000,1884,194,95,99,485,253,232,263,141,122,250,136,114,3069,1576,1493,2942,1511,1431,1436,738,698,550,279,271,42,16,26
30063,4,8,Montana,Missoula County,1,95802,47875,47927,5455,2766,2689,11015,5710,5305,5447,2823,2624,14740,7410,7330,76497,37933,38564,73885,36576,37309,46723,23661,23062,9585,4065,5520,1261,393,868
30065,4,8,Montana,Musselshell County,1,4497,2196,2301,222,111,111,516,238,278,313,162,151,256,137,119,3620,1778,1842,3446,1685,1761,1585,791,794,787,358,429,116,43,73
30067,4,8,Montana,Park County,1,15694,7745,7949,904,445,459,1878,949,929,913,471,442,1020,544,476,12436,6096,6340,11999,5880,6119,6075,3070,3005,2336,978,1358,304,95,209
30069,4,8,Montana,Petroleum County,1,493,259,234,35,19,16,58,29,29,35,19,16,30,16,14,381,200,181,365,192,173,166,87,79,84,45,39,2,0,2
30071,4,8,Montana,Phillips County,1,4601,2305,2296,227,123,104,660,352,308,369,195,174,255,126,129,3549,1743,1806,3345,1635,1710,1656,824,832,811,367,444,124,36,88
30073,4,8,Montana,Pondera County,1,6424,3169,3255,398,197,201,950,488,462,552,275,277,413,228,185,4789,2340,2449,4524,2209,2315,2404,1196,1208,1044,466,578,137,49,88
30075,4,8,Montana,Powder River County,1,1858,916,942,110,55,55,262,136,126,122,59,63,90,46,44,1434,704,730,1364,666,698,620,305,315,344,158,186,45,14,31
30077,4,8,Montana,Powell County,1,7180,4228,2952,332,191,141,778,391,387,415,240,175,558,380,178,5873,3534,2339,5655,3406,2249,3088,2052,1036,1004,449,555,131,41,90
30079,4,8,Montana,Prairie County,1,1199,619,580,50,27,23,102,52,50,72,38,34,52,35,17,1009,520,489,975,502,473,351,188,163,289,136,153,50,19,31
30081,4,8,Montana,Ravalli County,1,36070,17910,18160,2073,1087,986,4752,2451,2301,2406,1270,1136,2223,1221,1002,28070,13762,14308,26839,13102,13737,12951,6449,6502,5589,2616,2973,659,225,434
30083,4,8,Montana,Richland County,1,9667,4801,4866,558,302,256,1395,711,684,708,376,332,616,314,302,7361,3607,3754,7006,3412,3594,3753,1890,1863,1504,627,877,182,70,112
30085,4,8,Montana,Roosevelt County,1,10620,5264,5356,858,450,408,1907,1007,900,907,446,461,834,419,415,7387,3572,3815,6948,3361,3587,4230,2070,2160,1230,531,699,174,66,108
30087,4,8,Montana,Rosebud County,1,9383,4712,4671,723,362,361,1603,818,785,817,424,393,673,338,335,6626,3311,3315,6240,3108,3132,3683,1800,1883,833,407,426,88,30,58
30089,4,8,Montana,Sanders County,1,10227,5166,5061,482,257,225,1214,640,574,737,362,375,564,294,270,8139,4079,4060,7794,3907,3887,3355,1656,1699,1724,839,885,178,53,125
30091,4,8,Montana,Sheridan County,1,4105,2039,2066,183,113,70,465,234,231,293,136,157,198,113,85,3329,1627,1702,3164,1556,1608,1339,677,662,967,424,543,156,52,104
30093,4,8,Montana,Silver Bow County,1,34606,17108,17498,2001,1009,992,4248,2179,2069,1950,965,985,3331,1838,1493,27353,13425,13928,26407,12955,13452,14009,7226,6783,5545,2247,3298,773,211,562
30095,4,8,Montana,Stillwater County,1,8195,4178,4017,448,227,221,1072,563,509,551,284,267,470,251,219,6413,3249,3164,6124,3104,3020,3086,1578,1508,1186,547,639,148,56,92
30097,4,8,Montana,Sweet Grass County,1,3609,1800,1809,211,109,102,494,259,235,232,109,123,193,109,84,2783,1366,1417,2672,1323,1349,1254,627,627,635,278,357,112,41,71
30099,4,8,Montana,Teton County,1,6445,3174,3271,397,207,190,892,415,477,468,256,212,393,215,178,4917,2428,2489,4688,2296,2392,2345,1205,1140,1073,484,589,156,53,103
30101,4,8,Montana,Toole County,1,5267,2716,2551,282,152,130,698,360,338,365,175,190,359,210,149,4118,2115,2003,3922,2029,1893,2122,1122,1000,837,361,476,105,25,80
30103,4,8,Montana,Treasure County,1,861,439,422,46,24,22,120,71,49,73,30,43,43,27,16,656,326,330,622,314,308,294,149,145,144,60,84,21,3,18
30105,4,8,Montana,Valley County,1,7675,3802,3873,422,215,207,974,512,462,532,273,259,459,250,209,6027,2945,3082,5747,2802,2945,2731,1357,1374,1457,657,800,181,63,118
30107,4,8,Montana,Wheatland County,1,2259,1118,1141,135,72,63,312,147,165,159,76,83,144,71,73,1732,861,871,1653,823,830,759,374,385,436,198,238,61,28,33
30109,4,8,Montana,Wibaux County,1,1068,513,555,56,26,30,139,63,76,81,44,37,62,27,35,834,409,425,792,380,412,364,187,177,230,95,135,42,12,30
30111,4,8,Montana,Yellowstone County,1,129352,63084,66268,8539,4411,4128,16692,8700,7992,7734,3894,3840,11983,5783,6200,100219,48014,52205,96387,46079,50308,54916,26997,27919,17243,7140,10103,2241,670,1571
30001,4,8,Montana,Beaverhead County,2,9202,4713,4489,527,269,258,1086,580,506,647,350,297,1092,571,521,7323,3724,3599,6942,3514,3428,3907,2006,1901,1250,595,655,205,69,136
30003,4,8,Montana,Big Horn County,2,12671,6249,6422,1180,623,557,2302,1203,1099,1052,546,506,1090,546,544,8677,4159,4518,8137,3877,4260,5262,2559,2703,1089,456,633,135,33,102
30005,4,8,Montana,Blaine County,2,7009,3460,3549,569,279,290,1154,564,590,564,300,264,563,311,252,5012,2474,2538,4722,2317,2405,2737,1391,1346,904,406,498,112,44,68
30007,4,8,Montana,Broadwater County,2,4385,2236,2149,234,121,113,575,278,297,296,167,129,210,116,94,3425,1745,1680,3280,1670,1610,1579,809,770,719,347,372,88,31,57
30009,4,8,Montana,Carbon County,2,9552,4785,4767,494,272,222,1202,624,578,597,310,287,544,286,258,7570,3733,3837,7259,3579,3680,3494,1725,1769,1608,756,852,208,78,130
30011,4,8,Montana,Carter County,2,1360,662,698,55,18,37,187,85,102,119,68,51,56,31,25,1058,525,533,999,491,508,483,250,233,244,105,139,46,15,31
30013,4,8,Montana,Cascade County,2,80357,39756,40601,5337,2755,2582,10608,5372,5236,4967,2558,2409,7351,3852,3499,61943,30353,31590,59445,29071,30374,33658,17152,16506,11248,4816,6432,1439,440,999
30015,4,8,Montana,Chouteau County,2,5970,2997,2973,386,205,181,905,476,429,430,223,207,387,204,183,4472,2214,2258,4249,2093,2156,2161,1072,1089,1043,469,574,145,55,90
30017,4,8,Montana,Custer County,2,11696,5724,5972,689,372,317,1445,747,698,805,428,377,984,483,501,9189,4402,4787,8757,4177,4580,4597,2255,2342,1999,869,1130,254,95,159
30019,4,8,Montana,Daniels County,2,2017,988,1029,87,44,43,215,108,107,144,59,85,98,56,42,1645,809,836,1571,777,794,609,309,300,475,216,259,61,17,44
30021,4,8,Montana,Dawson County,2,9059,4490,4569,463,227,236,1055,507,548,578,277,301,797,426,371,7254,3620,3634,6963,3479,3484,3491,1806,1685,1603,715,888,229,92,137
30023,4,8,Montana,Deer Lodge County,2,9417,4703,4714,433,228,205,1074,563,511,615,314,301,741,406,335,7640,3784,3856,7295,3598,3697,3475,1786,1689,1774,738,1036,229,64,165
30025,4,8,Montana,Fallon County,2,2837,1434,1403,138,78,60,365,194,171,221,123,98,177,91,86,2221,1102,1119,2113,1039,1074,1069,568,501,508,233,275,62,16,46
30027,4,8,Montana,Fergus County,2,11893,5787,6106,617,310,307,1475,739,736,827,404,423,729,406,323,9409,4548,4861,8974,4334,4640,4183,2119,2064,2364,973,1391,391,120,271
30029,4,8,Montana,Flathead County,2,74471,36911,37560,4415,2219,2196,9887,5031,4856,4985,2612,2373,5508,2778,2730,57684,28367,29317,55184,27049,28135,29689,14828,14861,9656,4313,5343,1133,357,776
30031,4,8,Montana,Gallatin County,2,67831,35274,32557,3935,1999,1936,7505,3879,3626,3459,1823,1636,12582,6986,5596,54671,28460,26211,52932,27573,25359,35816,19196,16620,5770,2512,3258,703,210,493
30033,4,8,Montana,Garfield County,2,1279,660,619,86,46,40,145,78,67,82,45,37,91,53,38,1010,515,495,966,491,475,453,237,216,247,105,142,35,9,26
30035,4,8,Montana,Glacier County,2,13247,6553,6694,1075,574,501,2353,1185,1168,1196,614,582,1200,619,581,9179,4461,4718,8623,4180,4443,5627,2757,2870,1221,554,667,126,44,82
30037,4,8,Montana,Golden Valley County,2,1042,539,503,54,27,27,156,89,67,78,40,38,61,31,30,792,403,389,754,383,371,360,183,177,172,87,85,13,7,6
30039,4,8,Montana,Granite County,2,2830,1450,1380,137,59,78,358,205,153,191,100,91,161,80,81,2226,1137,1089,2144,1086,1058,962,483,479,450,214,236,46,15,31
30041,4,8,Montana,Hill County,2,16673,8306,8367,1190,605,585,2326,1190,1136,1191,637,554,1927,1027,900,12595,6212,6383,11966,5874,6092,7165,3664,3501,2134,863,1271,277,82,195
30043,4,8,Montana,Jefferson County,2,10049,5045,5004,524,271,253,1471,741,730,803,400,403,519,276,243,7646,3835,3811,7251,3633,3618,3783,1867,1916,1035,510,525,111,34,77
30045,4,8,Montana,Judith Basin County,2,2329,1209,1120,121,73,48,330,160,170,173,107,66,106,57,49,1801,929,872,1705,869,836,788,414,374,400,188,212,49,17,32
30047,4,8,Montana,Lake County,2,26507,13028,13479,1778,921,857,3681,1901,1780,1981,1012,969,2114,1067,1047,20083,9707,10376,19067,9194,9873,10077,4915,5162,3851,1800,2051,462,158,304
30049,4,8,Montana,Lewis and Clark County,2,55716,27360,28356,3435,1761,1674,7198,3667,3531,3635,1854,1781,4733,2360,2373,43242,20993,22249,41448,20078,21370,23019,11314,11705,6533,2784,3749,775,243,532
30051,4,8,Montana,Liberty County,2,2158,1063,1095,109,59,50,267,138,129,181,92,89,125,71,54,1695,822,873,1601,774,827,801,391,410,425,187,238,74,30,44
30053,4,8,Montana,Lincoln County,2,18837,9542,9295,937,475,462,2436,1296,1140,1399,721,678,1045,540,505,14765,7386,7379,14065,7050,7015,6630,3278,3352,2859,1398,1461,248,76,172
30055,4,8,Montana,McCone County,2,1977,987,990,107,54,53,266,116,150,118,62,56,107,63,44,1542,786,756,1486,755,731,668,352,316,374,181,193,24,11,13
30057,4,8,Montana,Madison County,2,6851,3465,3386,320,160,160,774,374,400,476,240,236,333,190,143,5520,2816,2704,5281,2691,2590,2419,1240,1179,1176,577,599,139,46,93
30059,4,8,Montana,Meagher County,2,1932,968,964,96,56,40,265,133,132,122,53,69,117,59,58,1513,751,762,1449,726,723,652,323,329,351,163,188,29,10,19
30061,4,8,Montana,Mineral County,2,3884,2000,1884,194,95,99,485,253,232,263,141,122,250,136,114,3069,1576,1493,2942,1511,1431,1436,738,698,550,279,271,42,16,26
30063,4,8,Montana,Missoula County,2,95802,47875,47927,5455,2766,2689,11015,5710,5305,5447,2823,2624,14740,7410,7330,76497,37933,38564,73885,36576,37309,46723,23661,23062,9585,4065,5520,1261,393,868
30065,4,8,Montana,Musselshell County,2,4497,2196,2301,222,111,111,516,238,278,313,162,151,256,137,119,3620,1778,1842,3446,1685,1761,1585,791,794,787,358,429,116,43,73
30067,4,8,Montana,Park County,2,15694,7745,7949,904,445,459,1878,949,929,913,471,442,1020,544,476,12436,6096,6340,11999,5880,6119,6075,3070,3005,2336,978,1358,304,95,209
30069,4,8,Montana,Petroleum County,2,493,259,234,35,19,16,58,29,29,35,19,16,30,16,14,381,200,181,365,192,173,166,87,79,84,45,39,2,0,2
30071,4,8,Montana,Phillips County,2,4601,2305,2296,227,123,104,660,352,308,369,195,174,255,126,129,3549,1743,1806,3345,1635,1710,1656,824,832,811,367,444,124,36,88
30073,4,8,Montana,Pondera County,2,6424,3169,3255,398,197,201,950,488,462,552,275,277,413,228,185,4789,2340,2449,4524,2209,2315,2404,1196,1208,1044,466,578,137,49,88
30075,4,8,Montana,Powder River County,2,1858,916,942,110,55,55,262,136,126,122,59,63,90,46,44,1434,704,730,1364,666,698,620,305,315,344,158,186,45,14,31
30077,4,8,Montana,Powell County,2,7180,4228,2952,332,191,141,778,391,387,415,240,175,558,380,178,5873,3534,2339,5655,3406,2249,3088,2052,1036,1004,449,555,131,41,90
30079,4,8,Montana,Prairie County,2,1199,619,580,50,27,23,102,52,50,72,38,34,52,35,17,1009,520,489,975,502,473,351,188,163,289,136,153,50,19,31
30081,4,8,Montana,Ravalli County,2,36070,17910,18160,2073,1087,986,4752,2451,2301,2406,1270,1136,2223,1221,1002,28070,13762,14308,26839,13102,13737,12951,6449,6502,5589,2616,2973,659,225,434
30083,4,8,Montana,Richland County,2,9667,4801,4866,558,302,256,1395,711,684,708,376,332,616,314,302,7361,3607,3754,7006,3412,3594,3753,1890,1863,1504,627,877,182,70,112
30085,4,8,Montana,Roosevelt County,2,10620,5264,5356,858,450,408,1907,1007,900,907,446,461,834,419,415,7387,3572,3815,6948,3361,3587,4230,2070,2160,1230,531,699,174,66,108
30087,4,8,Montana,Rosebud County,2,9383,4712,4671,723,362,361,1603,818,785,817,424,393,673,338,335,6626,3311,3315,6240,3108,3132,3683,1800,1883,833,407,426,88,30,58
30089,4,8,Montana,Sanders County,2,10227,5166,5061,482,257,225,1214,640,574,737,362,375,564,294,270,8139,4079,4060,7794,3907,3887,3355,1656,1699,1724,839,885,178,53,125
30091,4,8,Montana,Sheridan County,2,4105,2039,2066,183,113,70,465,234,231,293,136,157,198,113,85,3329,1627,1702,3164,1556,1608,1339,677,662,967,424,543,156,52,104
30093,4,8,Montana,Silver Bow County,2,34606,17108,17498,2001,1009,992,4248,2179,2069,1950,965,985,3331,1838,1493,27353,13425,13928,26407,12955,13452,14009,7226,6783,5545,2247,3298,773,211,562
30095,4,8,Montana,Stillwater County,2,8195,4178,4017,448,227,221,1072,563,509,551,284,267,470,251,219,6413,3249,3164,6124,3104,3020,3086,1578,1508,1186,547,639,148,56,92
30097,4,8,Montana,Sweet Grass County,2,3609,1800,1809,211,109,102,494,259,235,232,109,123,193,109,84,2783,1366,1417,2672,1323,1349,1254,627,627,635,278,357,112,41,71
30099,4,8,Montana,Teton County,2,6445,3174,3271,397,207,190,892,415,477,468,256,212,393,215,178,4917,2428,2489,4688,2296,2392,2345,1205,1140,1073,484,589,156,53,103
30101,4,8,Montana,Toole County,2,5267,2716,2551,282,152,130,698,360,338,365,175,190,359,210,149,4118,2115,2003,3922,2029,1893,2122,1122,1000,837,361,476,105,25,80
30103,4,8,Montana,Treasure County,2,861,439,422,46,24,22,120,71,49,73,30,43,43,27,16,656,326,330,622,314,308,294,149,145,144,60,84,21,3,18
30105,4,8,Montana,Valley County,2,7675,3802,3873,422,215,207,974,512,462,532,273,259,459,250,209,6027,2945,3082,5747,2802,2945,2731,1357,1374,1457,657,800,181,63,118
30107,4,8,Montana,Wheatland County,2,2259,1118,1141,135,72,63,312,147,165,159,76,83,144,71,73,1732,861,871,1653,823,830,759,374,385,436,198,238,61,28,33
30109,4,8,Montana,Wibaux County,2,1068,513,555,56,26,30,139,63,76,81,44,37,62,27,35,834,409,425,792,380,412,364,187,177,230,95,135,42,12,30
30111,4,8,Montana,Yellowstone County,2,129352,63084,66268,8539,4411,4128,16692,8700,7992,7734,3894,3840,11983,5783,6200,100219,48014,52205,96387,46079,50308,54916,26997,27919,17243,7140,10103,2241,670,1571
30001,4,8,Montana,Beaverhead County,3,9199,4713,4486,520,266,254,1072,572,500,647,353,294,1100,575,525,7344,3735,3609,6960,3522,3438,3912,2011,1901,1252,595,657,211,71,140
30003,4,8,Montana,Big Horn County,3,12673,6250,6423,1169,616,553,2261,1181,1080,1033,537,496,1114,559,555,8743,4195,4548,8210,3916,4294,5286,2575,2711,1099,458,641,138,33,105
30005,4,8,Montana,Blaine County,3,6985,3447,3538,559,273,286,1127,552,575,551,293,258,574,317,257,5033,2484,2549,4748,2329,2419,2745,1399,1346,897,401,496,114,45,69
30007,4,8,Montana,Broadwater County,3,4374,2226,2148,228,118,110,565,270,295,294,167,127,211,116,95,3433,1747,1686,3287,1671,1616,1579,810,769,721,346,375,91,32,59
30009,4,8,Montana,Carbon County,3,9556,4791,4765,487,269,218,1190,616,574,594,310,284,545,286,259,7595,3750,3845,7285,3596,3689,3497,1729,1768,1601,754,847,212,80,132
30011,4,8,Montana,Carter County,3,1350,656,694,55,18,37,187,85,102,113,63,50,57,32,25,1052,522,530,995,490,505,480,247,233,241,105,136,45,15,30
30013,4,8,Montana,Cascade County,3,80183,39674,40509,5333,2758,2575,10494,5317,5177,4918,2523,2395,7455,3913,3542,61924,30348,31576,59438,29076,30362,33476,17064,16412,11293,4836,6457,1455,450,1005
30015,4,8,Montana,Chouteau County,3,5981,3007,2974,377,201,176,892,471,421,432,225,207,389,205,184,4506,2233,2273,4280,2110,2170,2182,1084,1098,1036,466,570,147,56,91
30017,4,8,Montana,Custer County,3,11664,5707,5957,680,368,312,1422,737,685,800,426,374,992,487,505,9193,4401,4792,8762,4176,4586,4593,2254,2339,1986,861,1125,256,95,161
30019,4,8,Montana,Daniels County,3,2013,985,1028,82,41,41,213,107,106,141,59,82,98,56,42,1650,810,840,1577,778,799,607,309,298,476,216,260,63,17,46
30021,4,8,Montana,Dawson County,3,9043,4481,4562,456,222,234,1032,495,537,571,274,297,799,428,371,7273,3631,3642,6984,3490,3494,3482,1801,1681,1605,716,889,232,93,139
30023,4,8,Montana,Deer Lodge County,3,9386,4692,4694,429,227,202,1060,558,502,609,311,298,752,411,341,7632,3782,3850,7288,3596,3692,3464,1780,1684,1764,734,1030,232,65,167
30025,4,8,Montana,Fallon County,3,2811,1418,1393,134,76,58,350,185,165,217,120,97,177,91,86,2217,1098,1119,2110,1037,1073,1061,561,500,506,234,272,62,16,46
30027,4,8,Montana,Fergus County,3,11894,5793,6101,609,305,304,1461,732,729,821,400,421,738,413,325,9436,4569,4867,9003,4356,4647,4167,2111,2056,2362,973,1389,396,122,274
30029,4,8,Montana,Flathead County,3,74732,37048,37684,4420,2226,2194,9815,4994,4821,4957,2595,2362,5602,2830,2772,58041,28548,29493,55540,27233,28307,29714,14846,14868,9723,4347,5376,1152,364,788
30031,4,8,Montana,Gallatin County,3,68292,35533,32759,3930,1999,1931,7460,3857,3603,3454,1817,1637,12787,7104,5683,55197,28751,26446,53448,27860,25588,36086,19353,16733,5781,2514,3267,715,214,501
30033,4,8,Montana,Garfield County,3,1267,652,615,86,46,40,142,75,67,81,44,37,91,53,38,1001,510,491,958,487,471,451,236,215,245,105,140,34,9,25
30035,4,8,Montana,Glacier County,3,13204,6542,6662,1059,567,492,2308,1161,1147,1173,603,570,1228,637,591,9213,4490,4723,8664,4211,4453,5635,2769,2866,1223,557,666,128,45,83
30037,4,8,Montana,Golden Valley County,3,1024,529,495,54,27,27,154,87,67,77,39,38,61,31,30,776,395,381,739,376,363,350,178,172,171,87,84,13,7,6
30039,4,8,Montana,Granite County,3,2841,1456,1385,136,60,76,354,204,150,192,100,92,166,82,84,2242,1144,1098,2159,1092,1067,973,488,485,449,213,236,46,15,31
30041,4,8,Montana,Hill County,3,16630,8285,8345,1178,597,581,2290,1172,1118,1181,631,550,1948,1038,910,12610,6223,6387,11981,5885,6096,7143,3654,3489,2140,864,1276,281,84,197
30043,4,8,Montana,Jefferson County,3,10083,5064,5019,520,269,251,1461,738,723,804,400,404,532,282,250,7695,3859,3836,7298,3657,3641,3783,1864,1919,1044,515,529,113,35,78
30045,4,8,Montana,Judith Basin County,3,2337,1215,1122,120,72,48,326,159,167,171,106,65,116,63,53,1814,937,877,1720,878,842,793,418,375,397,188,209,49,17,32
30047,4,8,Montana,Lake County,3,26628,13086,13542,1771,917,854,3675,1896,1779,1977,1010,967,2163,1093,1070,20226,9777,10449,19205,9263,9942,10118,4937,5181,3867,1809,2058,469,161,308
30049,4,8,Montana,Lewis and Clark County,3,55874,27443,28431,3426,1757,1669,7139,3637,3502,3618,1841,1777,4801,2398,2403,43487,21122,22365,41691,20208,21483,23047,11329,11718,6555,2797,3758,788,249,539
30051,4,8,Montana,Liberty County,3,2149,1059,1090,107,59,48,265,136,129,177,91,86,124,71,53,1692,820,872,1600,773,827,794,390,404,428,187,241,76,31,45
30053,4,8,Montana,Lincoln County,3,18840,9544,9296,938,478,460,2413,1286,1127,1393,719,674,1060,548,512,14796,7399,7397,14096,7061,7035,6598,3262,3336,2877,1407,1470,253,78,175
30055,4,8,Montana,McCone County,3,1965,980,985,106,52,54,262,114,148,116,61,55,112,65,47,1537,784,753,1481,753,728,667,351,316,371,180,191,24,11,13
30057,4,8,Montana,Madison County,3,6870,3478,3392,320,160,160,762,367,395,475,241,234,340,194,146,5552,2836,2716,5313,2710,2603,2417,1240,1177,1181,580,601,142,47,95
30059,4,8,Montana,Meagher County,3,1933,974,959,96,56,40,260,132,128,121,53,68,116,59,57,1519,758,761,1456,733,723,646,322,324,352,165,187,31,11,20
30061,4,8,Montana,Mineral County,3,3884,1998,1886,194,96,98,480,251,229,263,142,121,253,138,115,3075,1574,1501,2947,1509,1438,1434,735,699,548,277,271,44,16,28
30063,4,8,Montana,Missoula County,3,96082,48019,48063,5463,2767,2696,10942,5675,5267,5424,2811,2613,14870,7478,7392,76868,38124,38744,74253,36766,37487,46785,23696,23089,9628,4090,5538,1282,401,881
30065,4,8,Montana,Musselshell County,3,4498,2198,2300,220,110,110,506,233,273,312,161,151,256,138,118,3635,1787,1848,3460,1694,1766,1587,793,794,782,356,426,118,44,74
30067,4,8,Montana,Park County,3,15729,7764,7965,898,440,458,1857,937,920,906,466,440,1036,554,482,12504,6136,6368,12068,5921,6147,6092,3079,3013,2320,969,1351,309,96,213
30069,4,8,Montana,Petroleum County,3,492,258,234,35,19,16,58,29,29,35,19,16,30,16,14,380,199,181,364,191,173,166,87,79,84,45,39,2,0,2
30071,4,8,Montana,Phillips County,3,4556,2281,2275,226,123,103,644,343,301,359,189,170,257,126,131,3525,1730,1795,3327,1626,1701,1630,812,818,807,366,441,126,37,89
30073,4,8,Montana,Pondera County,3,6377,3145,3232,394,195,199,927,476,451,541,268,273,412,227,185,4776,2335,2441,4515,2206,2309,2386,1187,1199,1039,463,576,140,50,90
30075,4,8,Montana,Powder River County,3,1857,916,941,109,55,54,262,136,126,122,59,63,93,47,46,1434,704,730,1364,666,698,622,306,316,342,158,184,45,14,31
30077,4,8,Montana,Powell County,3,7181,4233,2948,322,185,137,772,389,383,418,241,177,560,381,179,5890,3547,2343,5669,3418,2251,3089,2057,1032,1003,448,555,136,42,94
30079,4,8,Montana,Prairie County,3,1188,614,574,50,27,23,102,52,50,73,39,34,53,35,18,998,515,483,963,496,467,350,187,163,285,135,150,48,18,30
30081,4,8,Montana,Ravalli County,3,36339,18044,18295,2074,1089,985,4734,2438,2296,2404,1267,1137,2262,1245,1017,28363,13911,14452,27127,13250,13877,13018,6484,6534,5646,2644,3002,673,231,442
30083,4,8,Montana,Richland County,3,9626,4785,4841,550,299,251,1370,700,670,699,373,326,620,317,303,7360,3607,3753,7007,3413,3594,3738,1885,1853,1492,620,872,185,71,114
30085,4,8,Montana,Roosevelt County,3,10624,5267,5357,849,447,402,1871,985,886,894,440,454,851,428,423,7446,3605,3841,7010,3395,3615,4248,2082,2166,1234,534,700,176,67,109
30087,4,8,Montana,Rosebud County,3,9383,4710,4673,708,355,353,1582,807,775,812,421,391,690,348,342,6669,3331,3338,6281,3127,3154,3692,1804,1888,837,407,430,89,30,59
30089,4,8,Montana,Sanders County,3,10253,5186,5067,482,258,224,1208,639,569,731,359,372,567,294,273,8175,4100,4075,7832,3930,3902,3349,1653,1696,1735,845,890,182,54,128
30091,4,8,Montana,Sheridan County,3,4081,2024,2057,179,111,68,453,228,225,288,132,156,198,113,85,3324,1622,1702,3161,1553,1608,1341,675,666,956,419,537,158,53,105
30093,4,8,Montana,Silver Bow County,3,34526,17070,17456,1978,994,984,4184,2146,2038,1928,956,972,3359,1852,1507,27376,13442,13934,26436,12974,13462,13962,7203,6759,5541,2247,3294,782,215,567
30095,4,8,Montana,Stillwater County,3,8225,4199,4026,442,224,218,1060,559,501,548,283,265,475,254,221,6466,3279,3187,6175,3133,3042,3097,1585,1512,1188,549,639,151,57,94
30097,4,8,Montana,Sweet Grass County,3,3636,1808,1828,213,109,104,485,254,231,230,107,123,195,110,85,2819,1380,1439,2708,1338,1370,1273,633,640,631,275,356,115,42,73
30099,4,8,Montana,Teton County,3,6438,3167,3271,394,205,189,885,413,472,464,254,210,395,216,179,4922,2427,2495,4695,2295,2400,2331,1196,1135,1077,485,592,159,54,105
30101,4,8,Montana,Toole County,3,5257,2713,2544,277,149,128,687,351,336,361,175,186,358,212,146,4126,2124,2002,3932,2038,1894,2123,1129,994,829,358,471,106,25,81
30103,4,8,Montana,Treasure County,3,854,437,417,46,24,22,118,69,49,71,30,41,43,27,16,651,326,325,619,314,305,291,149,142,143,60,83,20,3,17
30105,4,8,Montana,Valley County,3,7637,3775,3862,414,210,204,956,503,453,517,265,252,462,252,210,6024,2937,3087,5750,2797,2953,2713,1346,1367,1457,654,803,183,63,120
30107,4,8,Montana,Wheatland County,3,2250,1111,1139,135,71,64,309,146,163,157,75,82,144,70,74,1726,856,870,1649,819,830,761,372,389,429,195,234,62,28,34
30109,4,8,Montana,Wibaux County,3,1073,512,561,56,26,30,139,63,76,81,44,37,63,27,36,839,408,431,797,379,418,367,186,181,232,95,137,44,12,32
30111,4,8,Montana,Yellowstone County,3,129554,63220,66334,8561,4418,4143,16600,8649,7951,7706,3873,3833,12146,5867,6279,100526,48213,52313,96687,46280,50407,54835,26982,27853,17296,7178,10118,2260,684,1576
30001,4,8,Montana,Beaverhead County,4,9082,4654,4428,466,238,228,1052,555,497,584,332,252,1173,613,560,7320,3711,3609,6980,3529,3451,3806,1975,1831,1266,601,665,213,76,137
30003,4,8,Montana,Big Horn County,4,12802,6327,6475,1150,606,544,2206,1156,1050,1021,519,502,1230,625,605,8965,4317,4648,8425,4046,4379,5359,2635,2724,1096,463,633,140,40,100
30005,4,8,Montana,Blaine County,4,6822,3377,3445,540,268,272,1043,511,532,531,273,258,608,341,267,4987,2468,2519,4708,2325,2383,2657,1360,1297,889,408,481,120,47,73
30007,4,8,Montana,Broadwater County,4,4401,2245,2156,201,103,98,536,257,279,277,155,122,289,161,128,3521,1802,1719,3387,1730,1657,1617,836,781,747,358,389,92,31,61
30009,4,8,Montana,Carbon County,4,9658,4845,4813,447,242,205,1129,592,537,595,311,284,690,362,328,7782,3851,3931,7487,3700,3787,3569,1789,1780,1590,750,840,234,84,150
30011,4,8,Montana,Carter County,4,1359,658,701,48,19,29,168,72,96,113,63,50,83,46,37,1087,538,549,1030,504,526,504,261,243,243,108,135,39,10,29
30013,4,8,Montana,Cascade County,4,79678,39396,40282,5091,2641,2450,10119,5134,4985,4731,2405,2326,7659,4026,3633,62159,30449,31710,59737,29216,30521,33088,16912,16176,11378,4853,6525,1506,460,1046
30015,4,8,Montana,Chouteau County,4,5770,2903,2867,317,168,149,827,438,389,388,192,196,423,230,193,4441,2201,2240,4238,2105,2133,2049,1027,1022,1028,461,567,137,57,80
30017,4,8,Montana,Custer County,4,11456,5617,5839,649,358,291,1342,688,654,755,421,334,1033,501,532,9113,4377,4736,8710,4150,4560,4431,2198,2233,1993,851,1142,281,98,183
30019,4,8,Montana,Daniels County,4,2022,993,1029,77,39,38,196,103,93,135,59,76,117,63,54,1686,824,862,1614,792,822,611,301,310,483,224,259,69,21,48
30021,4,8,Montana,Dawson County,4,8917,4440,4477,453,226,227,955,444,511,535,268,267,847,463,384,7251,3636,3615,6974,3502,3472,3353,1742,1611,1606,714,892,242,91,151
30023,4,8,Montana,Deer Lodge County,4,9203,4597,4606,406,213,193,986,515,471,571,289,282,802,446,356,7544,3737,3807,7240,3580,3660,3374,1728,1646,1721,710,1011,235,68,167
30025,4,8,Montana,Fallon County,4,2755,1394,1361,122,65,57,325,173,152,205,117,88,196,103,93,2216,1105,1111,2103,1039,1064,1023,537,486,516,235,281,68,23,45
30027,4,8,Montana,Fergus County,4,11750,5719,6031,563,287,276,1367,680,687,788,386,402,816,449,367,9460,4575,4885,9032,4366,4666,4065,2060,2005,2341,962,1379,380,108,272
30029,4,8,Montana,Flathead County,4,76082,37699,38383,4417,2236,2181,9474,4810,4664,4840,2533,2307,6330,3198,3132,59903,29463,30440,57351,28120,29231,30278,15149,15129,9966,4480,5486,1209,394,815
30031,4,8,Montana,Gallatin County,4,69870,36327,33543,3918,2020,1898,7315,3775,3540,3477,1818,1659,12632,6958,5674,56910,29635,27275,55160,28714,26446,36616,19626,16990,5941,2606,3335,777,227,550
30033,4,8,Montana,Garfield County,4,1260,649,611,79,45,34,139,76,63,72,38,34,103,58,45,1011,512,499,970,490,480,444,233,211,247,107,140,38,13,25
30035,4,8,Montana,Glacier County,4,13109,6497,6612,1060,558,502,2161,1079,1082,1140,597,543,1293,675,618,9317,4554,4763,8748,4263,4485,5610,2780,2830,1261,569,692,136,52,84
30037,4,8,Montana,Golden Valley County,4,1015,522,493,64,36,28,133,73,60,76,38,38,70,35,35,783,395,388,742,375,367,347,175,172,170,85,85,15,8,7
30039,4,8,Montana,Granite County,4,2873,1468,1405,135,56,79,316,179,137,207,108,99,204,110,94,2320,1178,1142,2215,1125,1090,1020,511,509,448,212,236,48,17,31
30041,4,8,Montana,Hill County,4,16521,8260,8261,1185,624,561,2184,1112,1072,1107,587,520,2029,1084,945,12606,6248,6358,12045,5937,6108,7023,3606,3417,2106,853,1253,271,77,194
30043,4,8,Montana,Jefferson County,4,10214,5112,5102,477,248,229,1389,697,692,799,389,410,698,371,327,7940,3975,3965,7549,3778,3771,3935,1939,1996,1063,521,542,122,41,81
30045,4,8,Montana,Judith Basin County,4,2256,1173,1083,99,57,42,298,146,152,157,95,62,132,72,60,1792,933,859,1702,875,827,760,401,359,377,179,198,55,23,32
30047,4,8,Montana,Lake County,4,26935,13235,13700,1756,902,854,3543,1822,1721,1922,995,927,2397,1226,1171,20707,10025,10682,19714,9516,10198,10341,5055,5286,3945,1844,2101,478,179,299
30049,4,8,Montana,Lewis and Clark County,4,56261,27634,28627,3287,1681,1606,6901,3535,3366,3495,1738,1757,5167,2583,2584,44379,21582,22797,42578,20680,21898,23017,11335,11682,6673,2878,3795,802,254,548
30051,4,8,Montana,Liberty County,4,2103,1038,1065,95,46,49,233,121,112,162,85,77,151,85,66,1700,827,873,1613,786,827,757,375,382,430,189,241,73,30,43
30053,4,8,Montana,Lincoln County,4,18709,9474,9235,888,450,438,2259,1194,1065,1333,710,623,1230,628,602,14908,7475,7433,14229,7120,7109,6561,3274,3287,2943,1450,1493,272,98,174
30055,4,8,Montana,McCone County,4,1901,952,949,92,46,46,238,107,131,122,59,63,109,62,47,1502,771,731,1449,740,709,615,320,295,366,182,184,31,15,16
30057,4,8,Montana,Madison County,4,6896,3487,3409,296,149,147,719,344,375,446,223,223,411,230,181,5685,2898,2787,5435,2771,2664,2432,1243,1189,1191,585,606,137,44,93
30059,4,8,Montana,Meagher County,4,1952,971,981,88,50,38,246,123,123,109,54,55,141,65,76,1565,770,795,1509,744,765,653,314,339,357,167,190,28,9,19
30061,4,8,Montana,Mineral County,4,3849,1983,1866,188,96,92,441,233,208,249,134,115,274,149,125,3103,1599,1504,2971,1520,1451,1406,726,680,582,296,286,43,15,28
30063,4,8,Montana,Missoula County,4,96710,48357,48353,5279,2717,2562,10616,5526,5090,5329,2730,2599,14574,7271,7303,78163,38753,39410,75486,37384,38102,46821,23707,23114,9749,4172,5577,1343,422,921
30065,4,8,Montana,Musselshell County,4,4445,2176,2269,208,100,108,478,225,253,290,152,138,293,158,135,3638,1787,1851,3469,1699,1770,1539,763,776,773,354,419,124,42,82
30067,4,8,Montana,Park County,4,15746,7767,7979,886,441,445,1742,874,868,915,473,442,1103,576,527,12657,6214,6443,12203,5979,6224,6061,3067,2994,2324,964,1360,332,108,224
30069,4,8,Montana,Petroleum County,4,479,250,229,31,18,13,63,30,33,24,13,11,37,18,19,371,195,176,361,189,172,167,88,79,79,42,37,5,1,4
30071,4,8,Montana,Phillips County,4,4446,2225,2221,200,100,100,603,321,282,331,182,149,292,149,143,3488,1714,1774,3312,1622,1690,1581,794,787,819,376,443,128,36,92
30073,4,8,Montana,Pondera County,4,6356,3132,3224,370,189,181,873,442,431,548,274,274,465,254,211,4838,2359,2479,4565,2227,2338,2395,1195,1200,1032,451,581,145,50,95
30075,4,8,Montana,Powder River County,4,1813,888,925,93,44,49,239,125,114,109,54,55,105,54,51,1428,693,735,1372,665,707,606,294,312,336,152,184,39,8,31
30077,4,8,Montana,Powell County,4,7056,4163,2893,281,158,123,715,363,352,415,247,168,586,393,193,5858,3534,2324,5645,3395,2250,3035,2026,1009,1008,454,554,140,42,98
30079,4,8,Montana,Prairie County,4,1214,616,598,49,26,23,103,52,51,60,29,31,70,43,27,1044,530,514,1002,509,493,364,189,175,285,129,156,52,18,34
30081,4,8,Montana,Ravalli County,4,36928,18332,18596,2006,1052,954,4581,2349,2232,2393,1267,1126,2677,1455,1222,29210,14333,14877,27948,13664,14284,13385,6657,6728,5759,2709,3050,696,256,440
30083,4,8,Montana,Richland County,4,9438,4699,4739,524,285,239,1233,640,593,712,373,339,647,333,314,7344,3605,3739,6969,3401,3568,3567,1802,1765,1482,614,868,205,71,134
30085,4,8,Montana,Roosevelt County,4,10573,5260,5313,856,453,403,1770,928,842,902,464,438,902,447,455,7487,3641,3846,7045,3415,3630,4197,2083,2114,1213,517,696,181,68,113
30087,4,8,Montana,Rosebud County,4,9264,4644,4620,695,328,367,1476,761,715,791,411,380,727,381,346,6696,3348,3348,6302,3144,3158,3631,1794,1837,844,414,430,89,31,58
30089,4,8,Montana,Sanders County,4,10454,5257,5197,481,252,229,1120,584,536,752,369,383,699,367,332,8466,4231,4235,8101,4052,4049,3494,1718,1776,1807,879,928,200,60,140
30091,4,8,Montana,Sheridan County,4,3944,1952,1992,144,87,57,416,215,201,270,132,138,225,118,107,3262,1585,1677,3114,1518,1596,1238,621,617,948,408,540,163,50,113
30093,4,8,Montana,Silver Bow County,4,33769,16726,17043,1847,929,918,3970,2041,1929,1845,920,925,3302,1825,1477,27043,13294,13749,26107,12836,13271,13486,6962,6524,5488,2247,3241,825,241,584
30095,4,8,Montana,Stillwater County,4,8374,4259,4115,428,222,206,1029,529,500,541,285,256,597,309,288,6649,3359,3290,6376,3223,3153,3211,1639,1572,1192,552,640,156,53,103
30097,4,8,Montana,Sweet Grass County,4,3605,1797,1808,188,96,92,470,248,222,230,116,114,200,99,101,2829,1393,1436,2717,1337,1380,1255,628,627,621,274,347,107,37,70
30099,4,8,Montana,Teton County,4,6409,3160,3249,360,179,181,832,396,436,472,250,222,456,254,202,4996,2467,2529,4745,2335,2410,2324,1193,1131,1092,490,602,172,57,115
30101,4,8,Montana,Toole County,4,5392,2827,2565,280,150,130,649,333,316,362,182,180,449,266,183,4283,2243,2040,4101,2162,1939,2228,1229,999,812,351,461,122,34,88
30103,4,8,Montana,Treasure County,4,820,423,397,38,20,18,106,62,44,67,32,35,59,32,27,639,322,317,609,309,300,292,148,144,144,63,81,20,5,15
30105,4,8,Montana,Valley County,4,7535,3733,3802,401,207,194,913,475,438,482,250,232,527,289,238,6000,2927,3073,5739,2801,2938,2682,1347,1335,1472,667,805,176,61,115
30107,4,8,Montana,Wheatland County,4,2156,1072,1084,118,60,58,285,135,150,172,92,80,137,65,72,1672,831,841,1581,785,796,717,363,354,424,188,236,70,30,40
30109,4,8,Montana,Wibaux County,4,1019,491,528,44,22,22,120,53,67,77,35,42,62,32,30,818,403,415,778,381,397,344,168,176,228,97,131,42,14,28
30111,4,8,Montana,Yellowstone County,4,130530,63648,66882,8322,4300,4022,16124,8362,7762,7627,3911,3716,12451,6031,6420,102283,49004,53279,98457,47075,51382,54892,26994,27898,17638,7316,10322,2426,753,1673
30001,4,8,Montana,Beaverhead County,5,8984,4589,4395,492,253,239,990,519,471,572,322,250,1158,599,559,7259,3679,3580,6930,3495,3435,3658,1905,1753,1289,612,677,204,71,133
30003,4,8,Montana,Big Horn County,5,12814,6331,6483,1197,640,557,2164,1125,1039,1007,514,493,1295,659,636,8933,4301,4632,8446,4052,4394,5290,2590,2700,1118,472,646,138,41,97
30005,4,8,Montana,Blaine County,5,6830,3383,3447,531,276,255,1047,508,539,517,259,258,682,373,309,4997,2478,2519,4735,2340,2395,2670,1354,1316,868,402,466,113,46,67
30007,4,8,Montana,Broadwater County,5,4399,2234,2165,186,92,94,532,263,269,280,152,128,306,167,139,3548,1817,1731,3401,1727,1674,1592,819,773,792,374,418,98,30,68
30009,4,8,Montana,Carbon County,5,9721,4872,4849,446,240,206,1103,579,524,588,314,274,744,382,362,7872,3895,3977,7584,3739,3845,3557,1791,1766,1582,743,839,239,88,151
30011,4,8,Montana,Carter County,5,1355,654,701,45,18,27,157,66,91,113,59,54,103,58,45,1099,544,555,1040,511,529,504,259,245,245,108,137,35,6,29
30013,4,8,Montana,Cascade County,5,79597,39368,40229,5115,2640,2475,9976,5119,4857,4685,2348,2337,7863,4158,3705,62181,30470,31711,59821,29261,30560,32643,16706,15937,11491,4909,6582,1575,480,1095
30015,4,8,Montana,Chouteau County,5,5639,2828,2811,282,145,137,789,413,376,399,208,191,434,234,200,4364,2157,2207,4169,2062,2107,1929,952,977,1034,468,566,138,62,76
30017,4,8,Montana,Custer County,5,11428,5613,5815,664,375,289,1325,687,638,719,401,318,1105,543,562,9111,4377,4734,8720,4150,4570,4335,2172,2163,1970,829,1141,297,103,194
30019,4,8,Montana,Daniels County,5,1949,969,980,72,35,37,190,101,89,111,47,64,128,70,58,1641,811,830,1576,786,790,566,286,280,474,224,250,78,27,51
30021,4,8,Montana,Dawson County,5,8739,4334,4405,457,221,236,896,424,472,519,256,263,867,471,396,7133,3561,3572,6867,3433,3434,3202,1673,1529,1603,707,896,252,93,159
30023,4,8,Montana,Deer Lodge County,5,9074,4526,4548,414,219,195,934,483,451,547,276,271,844,469,375,7465,3690,3775,7179,3548,3631,3272,1672,1600,1701,710,991,247,73,174
30025,4,8,Montana,Fallon County,5,2723,1374,1349,122,68,54,306,163,143,192,105,87,223,121,102,2210,1095,1115,2103,1038,1065,997,523,474,513,222,291,74,24,50
30027,4,8,Montana,Fergus County,5,11664,5691,5973,560,300,260,1313,652,661,744,363,381,910,480,430,9434,4563,4871,9047,4376,4671,4014,2036,1978,2341,970,1371,382,116,266
30029,4,8,Montana,Flathead County,5,77441,38372,39069,4564,2303,2261,9381,4765,4616,4858,2504,2354,6887,3509,3378,61141,30104,31037,58638,28800,29838,30405,15227,15178,10225,4607,5618,1266,412,854
30031,4,8,Montana,Gallatin County,5,71171,36978,34193,3992,2089,1903,7479,3799,3680,3494,1864,1630,11936,6488,5448,57947,30167,27780,56206,29226,26980,36673,19645,17028,6126,2696,3430,824,248,576
30033,4,8,Montana,Garfield County,5,1236,644,592,71,41,30,133,73,60,68,36,32,107,61,46,998,513,485,964,494,470,415,219,196,244,107,137,38,12,26
30035,4,8,Montana,Glacier County,5,13182,6524,6658,1100,574,526,2098,1062,1036,1158,593,565,1415,737,678,9433,4611,4822,8826,4295,4531,5608,2779,2829,1280,572,708,145,56,89
30037,4,8,Montana,Golden Valley County,5,1074,555,519,75,44,31,138,74,64,74,38,36,97,51,46,828,419,409,787,399,388,391,198,193,160,82,78,16,9,7
30039,4,8,Montana,Granite County,5,2873,1467,1406,119,43,76,312,173,139,218,113,105,209,114,95,2338,1189,1149,2224,1138,1086,1032,527,505,458,217,241,47,16,31
30041,4,8,Montana,Hill County,5,16343,8168,8175,1232,647,585,2114,1082,1032,1070,545,525,1999,1093,906,12459,6177,6282,11927,5894,6033,6771,3493,3278,2126,862,1264,276,79,197
30043,4,8,Montana,Jefferson County,5,10389,5188,5201,494,242,252,1316,674,642,809,391,418,839,439,400,8191,4091,4100,7770,3881,3889,3995,1979,2016,1067,531,536,122,43,79
30045,4,8,Montana,Judith Basin County,5,2245,1164,1081,83,43,40,298,152,146,142,80,62,159,92,67,1795,934,861,1722,889,833,744,389,355,387,186,201,62,25,37
30047,4,8,Montana,Lake County,5,26984,13238,13746,1764,913,851,3469,1771,1698,1908,991,917,2552,1301,1251,20865,10087,10778,19843,9563,10280,10300,5076,5224,3934,1842,2092,478,185,293
30049,4,8,Montana,Lewis and Clark County,5,56474,27760,28714,3280,1683,1597,6780,3474,3306,3483,1747,1736,5382,2686,2696,44747,21770,22977,42931,20856,22075,22688,11174,11514,6795,2973,3822,839,267,572
30051,4,8,Montana,Liberty County,5,2028,1004,1024,91,48,43,227,114,113,146,77,69,152,87,65,1645,806,839,1564,765,799,694,350,344,436,193,243,71,29,42
30053,4,8,Montana,Lincoln County,5,18722,9498,9224,906,457,449,2158,1139,1019,1283,708,575,1418,717,701,15058,7568,7490,14375,7194,7181,6478,3252,3226,3024,1501,1523,295,111,184
30055,4,8,Montana,McCone County,5,1848,928,920,94,53,41,221,97,124,117,53,64,116,69,47,1471,752,719,1416,725,691,591,303,288,359,175,184,32,13,19
30057,4,8,Montana,Madison County,5,6961,3514,3447,307,148,159,708,345,363,424,209,215,483,264,219,5762,2930,2832,5522,2812,2710,2460,1253,1207,1205,596,609,131,44,87
30059,4,8,Montana,Meagher County,5,1933,962,971,93,52,41,230,116,114,113,56,57,145,69,76,1552,764,788,1497,738,759,641,316,325,359,164,195,37,15,22
30061,4,8,Montana,Mineral County,5,3820,1969,1851,177,87,90,410,218,192,255,136,119,295,163,132,3108,1601,1507,2978,1528,1450,1388,714,674,611,313,298,46,15,31
30063,4,8,Montana,Missoula County,5,97882,48970,48912,5402,2825,2577,10632,5497,5135,5405,2775,2630,13941,6936,7005,79269,39329,39940,76443,37873,38570,46782,23709,23073,9858,4260,5598,1397,440,957
30065,4,8,Montana,Musselshell County,5,4459,2184,2275,222,112,110,456,214,242,260,126,134,350,192,158,3656,1798,1858,3521,1732,1789,1517,750,767,767,351,416,114,41,73
30067,4,8,Montana,Park County,5,15873,7848,8025,882,450,432,1768,883,885,904,478,426,1187,621,566,12786,6285,6501,12319,6037,6282,6040,3047,2993,2332,965,1367,344,110,234
30069,4,8,Montana,Petroleum County,5,488,256,232,29,14,15,61,33,28,29,15,14,40,19,21,388,205,183,369,194,175,169,91,78,79,43,36,5,1,4
30071,4,8,Montana,Phillips County,5,4362,2182,2180,197,98,99,580,316,264,295,155,140,349,180,169,3444,1691,1753,3290,1613,1677,1514,769,745,816,377,439,147,41,106
30073,4,8,Montana,Pondera County,5,6256,3081,3175,354,184,170,838,415,423,499,257,242,536,284,252,4841,2363,2478,4565,2225,2340,2341,1166,1175,1030,454,576,151,53,98
30075,4,8,Montana,Powder River County,5,1831,896,935,94,46,48,234,119,115,112,55,57,125,64,61,1443,697,746,1391,676,715,617,304,313,337,145,192,38,5,33
30077,4,8,Montana,Powell County,5,7036,4158,2878,288,151,137,676,345,331,410,245,165,645,434,211,5872,3544,2328,5662,3417,2245,3028,2024,1004,1028,466,562,146,51,95
30079,4,8,Montana,Prairie County,5,1186,603,583,48,25,23,97,47,50,60,34,26,76,46,30,1019,517,502,981,497,484,344,182,162,281,127,154,57,22,35
30081,4,8,Montana,Ravalli County,5,37730,18752,18978,2037,1077,960,4528,2318,2210,2432,1274,1158,3094,1662,1432,29996,14742,15254,28733,14083,14650,13742,6891,6851,5865,2774,3091,721,274,447
30083,4,8,Montana,Richland County,5,9263,4604,4659,508,282,226,1179,617,562,667,329,338,712,380,332,7249,3550,3699,6909,3376,3533,3434,1727,1707,1476,614,862,210,69,141
30085,4,8,Montana,Roosevelt County,5,10428,5172,5256,905,476,429,1702,880,822,882,466,416,992,489,503,7382,3575,3807,6939,3350,3589,4078,2017,2061,1191,494,697,173,62,111
30087,4,8,Montana,Rosebud County,5,9268,4622,4646,698,330,368,1427,715,712,800,413,387,809,420,389,6757,3378,3379,6343,3164,3179,3571,1759,1812,882,438,444,98,39,59
30089,4,8,Montana,Sanders County,5,10432,5241,5191,509,266,243,1071,554,517,731,380,351,783,400,383,8507,4230,4277,8121,4041,4080,3485,1734,1751,1846,897,949,199,63,136
30091,4,8,Montana,Sheridan County,5,3803,1881,1922,124,75,49,381,203,178,243,121,122,262,134,128,3178,1544,1634,3055,1482,1573,1141,576,565,942,402,540,160,47,113
30093,4,8,Montana,Silver Bow County,5,33447,16559,16888,1821,931,890,3886,1975,1911,1844,922,922,3285,1799,1486,26839,13192,13647,25896,12731,13165,13088,6764,6324,5452,2230,3222,849,251,598
30095,4,8,Montana,Stillwater County,5,8451,4297,4154,430,220,210,1019,522,497,522,283,239,682,355,327,6741,3410,3331,6480,3272,3208,3172,1625,1547,1204,562,642,164,53,111
30097,4,8,Montana,Sweet Grass County,5,3607,1805,1802,202,108,94,452,238,214,236,124,112,230,110,120,2835,1400,1435,2717,1335,1382,1245,625,620,605,270,335,106,35,71
30099,4,8,Montana,Teton County,5,6325,3117,3208,338,175,163,813,389,424,451,225,226,495,275,220,4957,2449,2508,4723,2328,2395,2273,1159,1114,1092,497,595,187,58,129
30101,4,8,Montana,Toole County,5,5424,2856,2568,296,158,138,624,328,296,342,176,166,474,269,205,4332,2284,2048,4162,2194,1968,2230,1233,997,807,349,458,128,37,91
30103,4,8,Montana,Treasure County,5,777,398,379,26,17,9,102,56,46,64,32,32,55,29,26,621,309,312,585,293,292,265,137,128,138,57,81,23,6,17
30105,4,8,Montana,Valley County,5,7416,3679,3737,414,209,205,857,447,410,459,245,214,578,311,267,5923,2900,3023,5686,2778,2908,2539,1279,1260,1480,668,812,170,55,115
30107,4,8,Montana,Wheatland County,5,2159,1074,1085,126,61,65,266,130,136,167,87,80,150,72,78,1685,841,844,1600,796,804,704,358,346,422,192,230,79,33,46
30109,4,8,Montana,Wibaux County,5,995,480,515,39,19,20,114,52,62,68,26,42,76,39,37,809,396,413,774,383,391,343,163,180,217,95,122,39,12,27
30111,4,8,Montana,Yellowstone County,5,131835,64324,67511,8408,4358,4050,16260,8409,7851,7643,3937,3706,12765,6214,6551,103393,49554,53839,99524,47620,51904,54796,27081,27715,17821,7364,10457,2538,806,1732
30001,4,8,Montana,Beaverhead County,6,8919,4549,4370,474,224,250,953,511,442,569,327,242,1141,589,552,7242,3686,3556,6923,3487,3436,3565,1861,1704,1315,630,685,217,73,144
30003,4,8,Montana,Big Horn County,6,12894,6365,6529,1220,656,564,2144,1110,1034,997,516,481,1371,701,670,9013,4330,4683,8533,4083,4450,5269,2591,2678,1112,466,646,134,27,107
30005,4,8,Montana,Blaine County,6,6729,3322,3407,515,266,249,1001,487,514,512,257,255,726,392,334,4956,2445,2511,4701,2312,2389,2634,1332,1302,843,394,449,97,42,55
30007,4,8,Montana,Broadwater County,6,4430,2252,2178,167,74,93,520,261,259,259,135,124,356,199,157,3627,1866,1761,3484,1782,1702,1586,809,777,833,394,439,109,34,75
30009,4,8,Montana,Carbon County,6,9770,4905,4865,445,241,204,1065,565,500,585,304,281,819,430,389,7986,3960,4026,7675,3795,3880,3557,1792,1765,1576,745,831,250,97,153
30011,4,8,Montana,Carter County,6,1333,644,689,41,16,25,146,62,84,106,51,55,124,71,53,1098,545,553,1040,515,525,494,254,240,245,108,137,31,5,26
30013,4,8,Montana,Cascade County,6,79561,39336,40225,5112,2669,2443,9743,4994,4749,4625,2308,2317,7918,4219,3699,62369,30524,31845,60081,29365,30716,32207,16472,15735,11624,4946,6678,1639,494,1145
30015,4,8,Montana,Chouteau County,6,5576,2790,2786,245,120,125,744,396,348,394,210,184,491,250,241,4377,2159,2218,4193,2064,2129,1912,956,956,1048,474,574,145,71,74
30017,4,8,Montana,Custer County,6,11369,5581,5788,670,387,283,1277,662,615,694,395,299,1141,565,576,9109,4361,4748,8728,4137,4591,4204,2081,2123,1971,809,1162,299,95,204
30019,4,8,Montana,Daniels County,6,1940,962,978,73,38,35,180,99,81,108,45,63,145,71,74,1641,806,835,1579,780,799,553,281,272,468,226,242,91,35,56
30021,4,8,Montana,Dawson County,6,8776,4344,4432,452,213,239,874,418,456,501,243,258,952,515,437,7208,3604,3604,6949,3470,3479,3211,1669,1542,1604,705,899,260,95,165
30023,4,8,Montana,Deer Lodge County,6,8953,4463,4490,419,213,206,870,462,408,568,288,280,853,458,395,7389,3650,3739,7096,3500,3596,3175,1629,1546,1679,705,974,260,75,185
30025,4,8,Montana,Fallon County,6,2752,1387,1365,121,68,53,291,152,139,185,100,85,267,148,119,2249,1119,1130,2155,1067,1088,1006,527,479,508,217,291,74,29,45
30027,4,8,Montana,Fergus County,6,11695,5746,5949,575,318,257,1261,635,626,681,327,354,1024,540,484,9543,4643,4900,9178,4466,4712,4018,2032,1986,2356,993,1363,386,128,258
30029,4,8,Montana,Flathead County,6,79485,39412,40073,4659,2361,2298,9357,4755,4602,4788,2444,2344,7627,3908,3719,63072,31100,31972,60681,29852,30829,31123,15618,15505,10498,4743,5755,1329,448,881
30031,4,8,Montana,Gallatin County,6,73243,38068,35175,4057,2112,1945,7538,3846,3692,3586,1885,1701,11310,6056,5254,59866,31159,28707,58062,30225,27837,37311,20040,17271,6315,2812,3503,878,275,603
30033,4,8,Montana,Garfield County,6,1233,645,588,69,36,33,134,78,56,68,35,33,106,56,50,990,511,479,962,496,466,408,213,195,240,110,130,42,16,26
30035,4,8,Montana,Glacier County,6,13250,6586,6664,1146,605,541,2016,1025,991,1131,587,544,1515,775,740,9528,4676,4852,8957,4369,4588,5576,2760,2816,1302,586,716,154,67,87
30037,4,8,Montana,Golden Valley County,6,1047,538,509,78,47,31,131,70,61,67,34,33,97,51,46,810,406,404,771,387,384,364,187,177,150,73,77,18,10,8
30039,4,8,Montana,Granite County,6,2894,1459,1435,98,35,63,301,160,141,205,116,89,247,127,120,2397,1206,1191,2290,1148,1142,1045,534,511,476,222,254,54,14,40
30041,4,8,Montana,Hill County,6,16350,8160,8190,1272,659,613,2040,1035,1005,1064,555,509,1981,1075,906,12515,6184,6331,11974,5911,6063,6624,3418,3206,2152,866,1286,311,90,221
30043,4,8,Montana,Jefferson County,6,10499,5243,5256,454,208,246,1280,663,617,825,388,437,955,509,446,8377,4194,4183,7940,3984,3956,4074,2017,2057,1071,546,525,122,55,67
30045,4,8,Montana,Judith Basin County,6,2192,1148,1044,72,39,33,270,146,124,142,69,73,172,106,66,1773,930,843,1708,894,814,699,366,333,399,199,200,71,29,42
30047,4,8,Montana,Lake County,6,27197,13332,13865,1748,897,851,3424,1767,1657,1891,970,921,2743,1401,1342,21142,10217,10925,20134,9698,10436,10379,5110,5269,3933,1841,2092,511,199,312
30049,4,8,Montana,Lewis and Clark County,6,57137,28149,28988,3259,1705,1554,6684,3403,3281,3381,1691,1690,5651,2871,2780,45543,22194,23349,43813,21350,22463,22779,11270,11509,6929,3043,3886,879,289,590
30051,4,8,Montana,Liberty County,6,2055,1022,1033,93,48,45,204,109,95,140,71,69,194,103,91,1692,837,855,1618,794,824,690,352,338,444,206,238,76,34,42
30053,4,8,Montana,Lincoln County,6,18835,9549,9286,900,466,434,2050,1056,994,1275,706,569,1596,827,769,15273,7678,7595,14610,7321,7289,6480,3262,3218,3104,1539,1565,310,117,193
30055,4,8,Montana,McCone County,6,1818,919,899,90,55,35,209,94,115,120,49,71,126,75,51,1464,746,718,1399,721,678,576,291,285,355,172,183,43,18,25
30057,4,8,Montana,Madison County,6,6967,3513,3454,314,144,170,676,334,342,387,188,199,559,301,258,5796,2949,2847,5590,2847,2743,2412,1225,1187,1219,603,616,119,35,84
30059,4,8,Montana,Meagher County,6,1967,972,995,90,46,44,237,124,113,110,56,54,173,80,93,1584,775,809,1530,746,784,657,324,333,357,164,193,44,15,29
30061,4,8,Montana,Mineral County,6,3884,1989,1895,171,86,85,398,201,197,240,126,114,350,193,157,3195,1632,1563,3075,1576,1499,1405,718,687,649,326,323,63,19,44
30063,4,8,Montana,Missoula County,6,98616,49355,49261,5492,2827,2665,10419,5388,5031,5237,2716,2521,13130,6487,6643,80187,39813,40374,77468,38424,39044,46497,23608,22889,9971,4336,5635,1431,442,989
30065,4,8,Montana,Musselshell County,6,4464,2174,2290,212,108,104,443,206,237,246,119,127,402,215,187,3687,1806,1881,3563,1741,1822,1511,749,762,757,344,413,113,34,79
30067,4,8,Montana,Park County,6,15840,7863,7977,866,470,396,1702,849,853,897,459,438,1256,660,596,12840,6325,6515,12375,6085,6290,5905,2990,2915,2341,978,1363,327,112,215
30069,4,8,Montana,Petroleum County,6,491,254,237,27,13,14,60,35,25,28,10,18,45,24,21,390,203,187,376,196,180,172,88,84,78,41,37,6,0,6
30071,4,8,Montana,Phillips County,6,4271,2136,2135,194,96,98,541,293,248,290,156,134,368,186,182,3401,1681,1720,3246,1591,1655,1460,737,723,808,376,432,153,47,106
30073,4,8,Montana,Pondera County,6,6166,3049,3117,335,172,163,776,376,400,479,261,218,605,314,291,4843,2377,2466,4576,2240,2336,2264,1125,1139,1028,465,563,142,53,89
30075,4,8,Montana,Powder River County,6,1834,891,943,88,41,47,217,109,108,125,66,59,137,67,70,1460,702,758,1404,675,729,602,298,304,338,141,197,43,8,35
30077,4,8,Montana,Powell County,6,7006,4129,2877,305,157,148,651,333,318,407,232,175,680,454,226,5866,3532,2334,5643,3407,2236,2964,1991,973,1039,471,568,145,50,95
30079,4,8,Montana,Prairie County,6,1154,584,570,43,22,21,98,48,50,48,26,22,87,53,34,983,496,487,965,488,477,327,174,153,260,120,140,56,23,33
30081,4,8,Montana,Ravalli County,6,38662,19259,19403,2043,1084,959,4486,2332,2154,2473,1268,1205,3493,1871,1622,30922,15245,15677,29660,14575,15085,14214,7154,7060,5982,2853,3129,793,307,486
30083,4,8,Montana,Richland County,6,9155,4540,4615,463,252,211,1123,588,535,643,325,318,810,425,385,7262,3543,3719,6926,3375,3551,3317,1677,1640,1472,606,866,209,67,142
30085,4,8,Montana,Roosevelt County,6,10451,5178,5273,937,485,452,1670,872,798,871,463,408,1065,526,539,7431,3599,3832,6973,3358,3615,4049,2023,2026,1179,476,703,166,59,107
30087,4,8,Montana,Rosebud County,6,9303,4623,4680,727,335,392,1384,696,688,743,380,363,913,468,445,6846,3420,3426,6449,3212,3237,3499,1725,1774,923,459,464,108,51,57
30089,4,8,Montana,Sanders County,6,10455,5259,5196,514,268,246,1037,540,497,695,361,334,884,466,418,8598,4279,4319,8209,4090,4119,3481,1750,1731,1889,930,959,197,71,126
30091,4,8,Montana,Sheridan County,6,3668,1817,1851,98,61,37,358,197,161,212,105,107,290,143,147,3119,1516,1603,3000,1454,1546,1067,538,529,931,402,529,148,42,106
30093,4,8,Montana,Silver Bow County,6,33208,16409,16799,1814,921,893,3800,1915,1885,1812,919,893,3231,1729,1502,26683,13108,13575,25782,12654,13128,12815,6628,6187,5411,2206,3205,888,252,636
30095,4,8,Montana,Stillwater County,6,8459,4308,4151,434,230,204,1010,511,499,502,278,224,714,372,342,6783,3437,3346,6513,3289,3224,3114,1602,1512,1220,580,640,168,57,111
30097,4,8,Montana,Sweet Grass County,6,3604,1808,1796,210,120,90,446,239,207,228,114,114,247,119,128,2841,1397,1444,2720,1335,1385,1228,628,600,583,255,328,102,30,72
30099,4,8,Montana,Teton County,6,6369,3149,3220,328,181,147,792,385,407,418,207,211,595,318,277,5053,2496,2557,4831,2376,2455,2302,1175,1127,1091,490,601,201,62,139
30101,4,8,Montana,Toole County,6,5337,2810,2527,283,145,138,600,321,279,336,171,165,505,285,220,4298,2274,2024,4118,2173,1945,2164,1194,970,790,344,446,146,47,99
30103,4,8,Montana,Treasure County,6,735,381,354,28,21,7,78,45,33,70,38,32,65,34,31,594,295,299,559,277,282,246,128,118,132,50,82,24,4,20
30105,4,8,Montana,Valley County,6,7349,3632,3717,431,223,208,832,413,419,437,255,182,618,324,294,5867,2862,3005,5649,2741,2908,2470,1251,1219,1491,657,834,177,51,126
30107,4,8,Montana,Wheatland County,6,2106,1048,1058,137,63,74,236,120,116,169,87,82,154,71,83,1640,824,816,1564,778,786,660,334,326,422,195,227,83,35,48
30109,4,8,Montana,Wibaux County,6,977,464,513,36,14,22,103,49,54,68,25,43,82,44,38,807,389,418,770,376,394,331,156,175,212,87,125,40,14,26
30111,4,8,Montana,Yellowstone County,6,133191,65067,68124,8366,4334,4032,16168,8337,7831,7578,3977,3601,13023,6381,6642,104954,50439,54515,101079,48419,52660,54615,27089,27526,18037,7469,10568,2607,834,1773
